817 1088 817 1088
817 817 4.00000000000000e+00
817 818 -1.00000000000000e+00
817 850 -1.00000000000000e+00
817 784 -1.00000000000000e+00
817 816 -1.00000000000000e+00
818 818 4.00000000000000e+00
818 817 -1.00000000000000e+00
818 819 -1.00000000000000e+00
818 851 -1.00000000000000e+00
818 785 -1.00000000000000e+00
819 819 4.00000000000000e+00
819 818 -1.00000000000000e+00
819 820 -1.00000000000000e+00
819 852 -1.00000000000000e+00
819 786 -1.00000000000000e+00
820 820 4.00000000000000e+00
820 819 -1.00000000000000e+00
820 821 -1.00000000000000e+00
820 853 -1.00000000000000e+00
820 787 -1.00000000000000e+00
821 821 4.00000000000000e+00
821 820 -1.00000000000000e+00
821 822 -1.00000000000000e+00
821 854 -1.00000000000000e+00
821 788 -1.00000000000000e+00
822 822 4.00000000000000e+00
822 821 -1.00000000000000e+00
822 823 -1.00000000000000e+00
822 855 -1.00000000000000e+00
822 789 -1.00000000000000e+00
823 823 4.00000000000000e+00
823 822 -1.00000000000000e+00
823 824 -1.00000000000000e+00
823 856 -1.00000000000000e+00
823 790 -1.00000000000000e+00
824 824 4.00000000000000e+00
824 823 -1.00000000000000e+00
824 857 -1.00000000000000e+00
824 791 -1.00000000000000e+00
825 825 4.00000000000000e+00
825 826 -1.00000000000000e+00
825 858 -1.00000000000000e+00
825 792 -1.00000000000000e+00
826 826 4.00000000000000e+00
826 825 -1.00000000000000e+00
826 827 -1.00000000000000e+00
826 859 -1.00000000000000e+00
826 793 -1.00000000000000e+00
827 827 4.00000000000000e+00
827 826 -1.00000000000000e+00
827 828 -1.00000000000000e+00
827 860 -1.00000000000000e+00
827 794 -1.00000000000000e+00
828 828 4.00000000000000e+00
828 827 -1.00000000000000e+00
828 829 -1.00000000000000e+00
828 861 -1.00000000000000e+00
828 795 -1.00000000000000e+00
829 829 4.00000000000000e+00
829 828 -1.00000000000000e+00
829 830 -1.00000000000000e+00
829 862 -1.00000000000000e+00
829 796 -1.00000000000000e+00
830 830 4.00000000000000e+00
830 829 -1.00000000000000e+00
830 831 -1.00000000000000e+00
830 863 -1.00000000000000e+00
830 797 -1.00000000000000e+00
831 831 4.00000000000000e+00
831 830 -1.00000000000000e+00
831 832 -1.00000000000000e+00
831 864 -1.00000000000000e+00
831 798 -1.00000000000000e+00
832 832 4.00000000000000e+00
832 831 -1.00000000000000e+00
832 833 -1.00000000000000e+00
832 865 -1.00000000000000e+00
832 799 -1.00000000000000e+00
833 833 4.00000000000000e+00
833 832 -1.00000000000000e+00
833 834 -1.00000000000000e+00
833 866 -1.00000000000000e+00
833 800 -1.00000000000000e+00
834 834 4.00000000000000e+00
834 833 -1.00000000000000e+00
834 835 -1.00000000000000e+00
834 867 -1.00000000000000e+00
834 801 -1.00000000000000e+00
835 835 4.00000000000000e+00
835 834 -1.00000000000000e+00
835 836 -1.00000000000000e+00
835 868 -1.00000000000000e+00
835 802 -1.00000000000000e+00
836 836 4.00000000000000e+00
836 835 -1.00000000000000e+00
836 837 -1.00000000000000e+00
836 869 -1.00000000000000e+00
836 803 -1.00000000000000e+00
837 837 4.00000000000000e+00
837 836 -1.00000000000000e+00
837 838 -1.00000000000000e+00
837 870 -1.00000000000000e+00
837 804 -1.00000000000000e+00
838 838 4.00000000000000e+00
838 837 -1.00000000000000e+00
838 839 -1.00000000000000e+00
838 871 -1.00000000000000e+00
838 805 -1.00000000000000e+00
839 839 4.00000000000000e+00
839 838 -1.00000000000000e+00
839 840 -1.00000000000000e+00
839 872 -1.00000000000000e+00
839 806 -1.00000000000000e+00
840 840 4.00000000000000e+00
840 839 -1.00000000000000e+00
840 841 -1.00000000000000e+00
840 873 -1.00000000000000e+00
840 807 -1.00000000000000e+00
841 841 4.00000000000000e+00
841 840 -1.00000000000000e+00
841 842 -1.00000000000000e+00
841 874 -1.00000000000000e+00
841 808 -1.00000000000000e+00
842 842 4.00000000000000e+00
842 841 -1.00000000000000e+00
842 843 -1.00000000000000e+00
842 875 -1.00000000000000e+00
842 809 -1.00000000000000e+00
843 843 4.00000000000000e+00
843 842 -1.00000000000000e+00
843 844 -1.00000000000000e+00
843 876 -1.00000000000000e+00
843 810 -1.00000000000000e+00
844 844 4.00000000000000e+00
844 843 -1.00000000000000e+00
844 845 -1.00000000000000e+00
844 877 -1.00000000000000e+00
844 811 -1.00000000000000e+00
845 845 4.00000000000000e+00
845 844 -1.00000000000000e+00
845 846 -1.00000000000000e+00
845 878 -1.00000000000000e+00
845 812 -1.00000000000000e+00
846 846 4.00000000000000e+00
846 845 -1.00000000000000e+00
846 847 -1.00000000000000e+00
846 879 -1.00000000000000e+00
846 813 -1.00000000000000e+00
847 847 4.00000000000000e+00
847 846 -1.00000000000000e+00
847 848 -1.00000000000000e+00
847 880 -1.00000000000000e+00
847 814 -1.00000000000000e+00
848 848 4.00000000000000e+00
848 847 -1.00000000000000e+00
848 849 -1.00000000000000e+00
848 881 -1.00000000000000e+00
848 815 -1.00000000000000e+00
849 849 4.00000000000000e+00
849 848 -1.00000000000000e+00
849 850 -1.00000000000000e+00
849 882 -1.00000000000000e+00
849 816 -1.00000000000000e+00
850 850 4.00000000000000e+00
850 817 -1.00000000000000e+00
850 849 -1.00000000000000e+00
850 851 -1.00000000000000e+00
850 883 -1.00000000000000e+00
851 851 4.00000000000000e+00
851 818 -1.00000000000000e+00
851 850 -1.00000000000000e+00
851 852 -1.00000000000000e+00
851 884 -1.00000000000000e+00
852 852 4.00000000000000e+00
852 819 -1.00000000000000e+00
852 851 -1.00000000000000e+00
852 853 -1.00000000000000e+00
852 885 -1.00000000000000e+00
853 853 4.00000000000000e+00
853 820 -1.00000000000000e+00
853 852 -1.00000000000000e+00
853 854 -1.00000000000000e+00
853 886 -1.00000000000000e+00
854 854 4.00000000000000e+00
854 821 -1.00000000000000e+00
854 853 -1.00000000000000e+00
854 855 -1.00000000000000e+00
854 887 -1.00000000000000e+00
855 855 4.00000000000000e+00
855 822 -1.00000000000000e+00
855 854 -1.00000000000000e+00
855 856 -1.00000000000000e+00
855 888 -1.00000000000000e+00
856 856 4.00000000000000e+00
856 823 -1.00000000000000e+00
856 855 -1.00000000000000e+00
856 857 -1.00000000000000e+00
856 889 -1.00000000000000e+00
857 857 4.00000000000000e+00
857 824 -1.00000000000000e+00
857 856 -1.00000000000000e+00
857 890 -1.00000000000000e+00
858 858 4.00000000000000e+00
858 825 -1.00000000000000e+00
858 859 -1.00000000000000e+00
858 891 -1.00000000000000e+00
859 859 4.00000000000000e+00
859 826 -1.00000000000000e+00
859 858 -1.00000000000000e+00
859 860 -1.00000000000000e+00
859 892 -1.00000000000000e+00
860 860 4.00000000000000e+00
860 827 -1.00000000000000e+00
860 859 -1.00000000000000e+00
860 861 -1.00000000000000e+00
860 893 -1.00000000000000e+00
861 861 4.00000000000000e+00
861 828 -1.00000000000000e+00
861 860 -1.00000000000000e+00
861 862 -1.00000000000000e+00
861 894 -1.00000000000000e+00
862 862 4.00000000000000e+00
862 829 -1.00000000000000e+00
862 861 -1.00000000000000e+00
862 863 -1.00000000000000e+00
862 895 -1.00000000000000e+00
863 863 4.00000000000000e+00
863 830 -1.00000000000000e+00
863 862 -1.00000000000000e+00
863 864 -1.00000000000000e+00
863 896 -1.00000000000000e+00
864 864 4.00000000000000e+00
864 831 -1.00000000000000e+00
864 863 -1.00000000000000e+00
864 865 -1.00000000000000e+00
864 897 -1.00000000000000e+00
865 865 4.00000000000000e+00
865 832 -1.00000000000000e+00
865 864 -1.00000000000000e+00
865 866 -1.00000000000000e+00
865 898 -1.00000000000000e+00
866 866 4.00000000000000e+00
866 833 -1.00000000000000e+00
866 865 -1.00000000000000e+00
866 867 -1.00000000000000e+00
866 899 -1.00000000000000e+00
867 867 4.00000000000000e+00
867 834 -1.00000000000000e+00
867 866 -1.00000000000000e+00
867 868 -1.00000000000000e+00
867 900 -1.00000000000000e+00
868 868 4.00000000000000e+00
868 835 -1.00000000000000e+00
868 867 -1.00000000000000e+00
868 869 -1.00000000000000e+00
868 901 -1.00000000000000e+00
869 869 4.00000000000000e+00
869 836 -1.00000000000000e+00
869 868 -1.00000000000000e+00
869 870 -1.00000000000000e+00
869 902 -1.00000000000000e+00
870 870 4.00000000000000e+00
870 837 -1.00000000000000e+00
870 869 -1.00000000000000e+00
870 871 -1.00000000000000e+00
870 903 -1.00000000000000e+00
871 871 4.00000000000000e+00
871 838 -1.00000000000000e+00
871 870 -1.00000000000000e+00
871 872 -1.00000000000000e+00
871 904 -1.00000000000000e+00
872 872 4.00000000000000e+00
872 839 -1.00000000000000e+00
872 871 -1.00000000000000e+00
872 873 -1.00000000000000e+00
872 905 -1.00000000000000e+00
873 873 4.00000000000000e+00
873 840 -1.00000000000000e+00
873 872 -1.00000000000000e+00
873 874 -1.00000000000000e+00
873 906 -1.00000000000000e+00
874 874 4.00000000000000e+00
874 841 -1.00000000000000e+00
874 873 -1.00000000000000e+00
874 875 -1.00000000000000e+00
874 907 -1.00000000000000e+00
875 875 4.00000000000000e+00
875 842 -1.00000000000000e+00
875 874 -1.00000000000000e+00
875 876 -1.00000000000000e+00
875 908 -1.00000000000000e+00
876 876 4.00000000000000e+00
876 843 -1.00000000000000e+00
876 875 -1.00000000000000e+00
876 877 -1.00000000000000e+00
876 909 -1.00000000000000e+00
877 877 4.00000000000000e+00
877 844 -1.00000000000000e+00
877 876 -1.00000000000000e+00
877 878 -1.00000000000000e+00
877 910 -1.00000000000000e+00
878 878 4.00000000000000e+00
878 845 -1.00000000000000e+00
878 877 -1.00000000000000e+00
878 879 -1.00000000000000e+00
878 911 -1.00000000000000e+00
879 879 4.00000000000000e+00
879 846 -1.00000000000000e+00
879 878 -1.00000000000000e+00
879 880 -1.00000000000000e+00
879 912 -1.00000000000000e+00
880 880 4.00000000000000e+00
880 847 -1.00000000000000e+00
880 879 -1.00000000000000e+00
880 881 -1.00000000000000e+00
880 913 -1.00000000000000e+00
881 881 4.00000000000000e+00
881 848 -1.00000000000000e+00
881 880 -1.00000000000000e+00
881 882 -1.00000000000000e+00
881 914 -1.00000000000000e+00
882 882 4.00000000000000e+00
882 849 -1.00000000000000e+00
882 881 -1.00000000000000e+00
882 883 -1.00000000000000e+00
882 915 -1.00000000000000e+00
883 883 4.00000000000000e+00
883 850 -1.00000000000000e+00
883 882 -1.00000000000000e+00
883 884 -1.00000000000000e+00
883 916 -1.00000000000000e+00
884 884 4.00000000000000e+00
884 851 -1.00000000000000e+00
884 883 -1.00000000000000e+00
884 885 -1.00000000000000e+00
884 917 -1.00000000000000e+00
885 885 4.00000000000000e+00
885 852 -1.00000000000000e+00
885 884 -1.00000000000000e+00
885 886 -1.00000000000000e+00
885 918 -1.00000000000000e+00
886 886 4.00000000000000e+00
886 853 -1.00000000000000e+00
886 885 -1.00000000000000e+00
886 887 -1.00000000000000e+00
886 919 -1.00000000000000e+00
887 887 4.00000000000000e+00
887 854 -1.00000000000000e+00
887 886 -1.00000000000000e+00
887 888 -1.00000000000000e+00
887 920 -1.00000000000000e+00
888 888 4.00000000000000e+00
888 855 -1.00000000000000e+00
888 887 -1.00000000000000e+00
888 889 -1.00000000000000e+00
888 921 -1.00000000000000e+00
889 889 4.00000000000000e+00
889 856 -1.00000000000000e+00
889 888 -1.00000000000000e+00
889 890 -1.00000000000000e+00
889 922 -1.00000000000000e+00
890 890 4.00000000000000e+00
890 857 -1.00000000000000e+00
890 889 -1.00000000000000e+00
890 923 -1.00000000000000e+00
891 891 4.00000000000000e+00
891 858 -1.00000000000000e+00
891 892 -1.00000000000000e+00
891 924 -1.00000000000000e+00
892 892 4.00000000000000e+00
892 859 -1.00000000000000e+00
892 891 -1.00000000000000e+00
892 893 -1.00000000000000e+00
892 925 -1.00000000000000e+00
893 893 4.00000000000000e+00
893 860 -1.00000000000000e+00
893 892 -1.00000000000000e+00
893 894 -1.00000000000000e+00
893 926 -1.00000000000000e+00
894 894 4.00000000000000e+00
894 861 -1.00000000000000e+00
894 893 -1.00000000000000e+00
894 895 -1.00000000000000e+00
894 927 -1.00000000000000e+00
895 895 4.00000000000000e+00
895 862 -1.00000000000000e+00
895 894 -1.00000000000000e+00
895 896 -1.00000000000000e+00
895 928 -1.00000000000000e+00
896 896 4.00000000000000e+00
896 863 -1.00000000000000e+00
896 895 -1.00000000000000e+00
896 897 -1.00000000000000e+00
896 929 -1.00000000000000e+00
897 897 4.00000000000000e+00
897 864 -1.00000000000000e+00
897 896 -1.00000000000000e+00
897 898 -1.00000000000000e+00
897 930 -1.00000000000000e+00
898 898 4.00000000000000e+00
898 865 -1.00000000000000e+00
898 897 -1.00000000000000e+00
898 899 -1.00000000000000e+00
898 931 -1.00000000000000e+00
899 899 4.00000000000000e+00
899 866 -1.00000000000000e+00
899 898 -1.00000000000000e+00
899 900 -1.00000000000000e+00
899 932 -1.00000000000000e+00
900 900 4.00000000000000e+00
900 867 -1.00000000000000e+00
900 899 -1.00000000000000e+00
900 901 -1.00000000000000e+00
900 933 -1.00000000000000e+00
901 901 4.00000000000000e+00
901 868 -1.00000000000000e+00
901 900 -1.00000000000000e+00
901 902 -1.00000000000000e+00
901 934 -1.00000000000000e+00
902 902 4.00000000000000e+00
902 869 -1.00000000000000e+00
902 901 -1.00000000000000e+00
902 903 -1.00000000000000e+00
902 935 -1.00000000000000e+00
903 903 4.00000000000000e+00
903 870 -1.00000000000000e+00
903 902 -1.00000000000000e+00
903 904 -1.00000000000000e+00
903 936 -1.00000000000000e+00
904 904 4.00000000000000e+00
904 871 -1.00000000000000e+00
904 903 -1.00000000000000e+00
904 905 -1.00000000000000e+00
904 937 -1.00000000000000e+00
905 905 4.00000000000000e+00
905 872 -1.00000000000000e+00
905 904 -1.00000000000000e+00
905 906 -1.00000000000000e+00
905 938 -1.00000000000000e+00
906 906 4.00000000000000e+00
906 873 -1.00000000000000e+00
906 905 -1.00000000000000e+00
906 907 -1.00000000000000e+00
906 939 -1.00000000000000e+00
907 907 4.00000000000000e+00
907 874 -1.00000000000000e+00
907 906 -1.00000000000000e+00
907 908 -1.00000000000000e+00
907 940 -1.00000000000000e+00
908 908 4.00000000000000e+00
908 875 -1.00000000000000e+00
908 907 -1.00000000000000e+00
908 909 -1.00000000000000e+00
908 941 -1.00000000000000e+00
909 909 4.00000000000000e+00
909 876 -1.00000000000000e+00
909 908 -1.00000000000000e+00
909 910 -1.00000000000000e+00
909 942 -1.00000000000000e+00
910 910 4.00000000000000e+00
910 877 -1.00000000000000e+00
910 909 -1.00000000000000e+00
910 911 -1.00000000000000e+00
910 943 -1.00000000000000e+00
911 911 4.00000000000000e+00
911 878 -1.00000000000000e+00
911 910 -1.00000000000000e+00
911 912 -1.00000000000000e+00
911 944 -1.00000000000000e+00
912 912 4.00000000000000e+00
912 879 -1.00000000000000e+00
912 911 -1.00000000000000e+00
912 913 -1.00000000000000e+00
912 945 -1.00000000000000e+00
913 913 4.00000000000000e+00
913 880 -1.00000000000000e+00
913 912 -1.00000000000000e+00
913 914 -1.00000000000000e+00
913 946 -1.00000000000000e+00
914 914 4.00000000000000e+00
914 881 -1.00000000000000e+00
914 913 -1.00000000000000e+00
914 915 -1.00000000000000e+00
914 947 -1.00000000000000e+00
915 915 4.00000000000000e+00
915 882 -1.00000000000000e+00
915 914 -1.00000000000000e+00
915 916 -1.00000000000000e+00
915 948 -1.00000000000000e+00
916 916 4.00000000000000e+00
916 883 -1.00000000000000e+00
916 915 -1.00000000000000e+00
916 917 -1.00000000000000e+00
916 949 -1.00000000000000e+00
917 917 4.00000000000000e+00
917 884 -1.00000000000000e+00
917 916 -1.00000000000000e+00
917 918 -1.00000000000000e+00
917 950 -1.00000000000000e+00
918 918 4.00000000000000e+00
918 885 -1.00000000000000e+00
918 917 -1.00000000000000e+00
918 919 -1.00000000000000e+00
918 951 -1.00000000000000e+00
919 919 4.00000000000000e+00
919 886 -1.00000000000000e+00
919 918 -1.00000000000000e+00
919 920 -1.00000000000000e+00
919 952 -1.00000000000000e+00
920 920 4.00000000000000e+00
920 887 -1.00000000000000e+00
920 919 -1.00000000000000e+00
920 921 -1.00000000000000e+00
920 953 -1.00000000000000e+00
921 921 4.00000000000000e+00
921 888 -1.00000000000000e+00
921 920 -1.00000000000000e+00
921 922 -1.00000000000000e+00
921 954 -1.00000000000000e+00
922 922 4.00000000000000e+00
922 889 -1.00000000000000e+00
922 921 -1.00000000000000e+00
922 923 -1.00000000000000e+00
922 955 -1.00000000000000e+00
923 923 4.00000000000000e+00
923 890 -1.00000000000000e+00
923 922 -1.00000000000000e+00
923 956 -1.00000000000000e+00
924 924 4.00000000000000e+00
924 891 -1.00000000000000e+00
924 925 -1.00000000000000e+00
924 957 -1.00000000000000e+00
925 925 4.00000000000000e+00
925 892 -1.00000000000000e+00
925 924 -1.00000000000000e+00
925 926 -1.00000000000000e+00
925 958 -1.00000000000000e+00
926 926 4.00000000000000e+00
926 893 -1.00000000000000e+00
926 925 -1.00000000000000e+00
926 927 -1.00000000000000e+00
926 959 -1.00000000000000e+00
927 927 4.00000000000000e+00
927 894 -1.00000000000000e+00
927 926 -1.00000000000000e+00
927 928 -1.00000000000000e+00
927 960 -1.00000000000000e+00
928 928 4.00000000000000e+00
928 895 -1.00000000000000e+00
928 927 -1.00000000000000e+00
928 929 -1.00000000000000e+00
928 961 -1.00000000000000e+00
929 929 4.00000000000000e+00
929 896 -1.00000000000000e+00
929 928 -1.00000000000000e+00
929 930 -1.00000000000000e+00
929 962 -1.00000000000000e+00
930 930 4.00000000000000e+00
930 897 -1.00000000000000e+00
930 929 -1.00000000000000e+00
930 931 -1.00000000000000e+00
930 963 -1.00000000000000e+00
931 931 4.00000000000000e+00
931 898 -1.00000000000000e+00
931 930 -1.00000000000000e+00
931 932 -1.00000000000000e+00
931 964 -1.00000000000000e+00
932 932 4.00000000000000e+00
932 899 -1.00000000000000e+00
932 931 -1.00000000000000e+00
932 933 -1.00000000000000e+00
932 965 -1.00000000000000e+00
933 933 4.00000000000000e+00
933 900 -1.00000000000000e+00
933 932 -1.00000000000000e+00
933 934 -1.00000000000000e+00
933 966 -1.00000000000000e+00
934 934 4.00000000000000e+00
934 901 -1.00000000000000e+00
934 933 -1.00000000000000e+00
934 935 -1.00000000000000e+00
934 967 -1.00000000000000e+00
935 935 4.00000000000000e+00
935 902 -1.00000000000000e+00
935 934 -1.00000000000000e+00
935 936 -1.00000000000000e+00
935 968 -1.00000000000000e+00
936 936 4.00000000000000e+00
936 903 -1.00000000000000e+00
936 935 -1.00000000000000e+00
936 937 -1.00000000000000e+00
936 969 -1.00000000000000e+00
937 937 4.00000000000000e+00
937 904 -1.00000000000000e+00
937 936 -1.00000000000000e+00
937 938 -1.00000000000000e+00
937 970 -1.00000000000000e+00
938 938 4.00000000000000e+00
938 905 -1.00000000000000e+00
938 937 -1.00000000000000e+00
938 939 -1.00000000000000e+00
938 971 -1.00000000000000e+00
939 939 4.00000000000000e+00
939 906 -1.00000000000000e+00
939 938 -1.00000000000000e+00
939 940 -1.00000000000000e+00
939 972 -1.00000000000000e+00
940 940 4.00000000000000e+00
940 907 -1.00000000000000e+00
940 939 -1.00000000000000e+00
940 941 -1.00000000000000e+00
940 973 -1.00000000000000e+00
941 941 4.00000000000000e+00
941 908 -1.00000000000000e+00
941 940 -1.00000000000000e+00
941 942 -1.00000000000000e+00
941 974 -1.00000000000000e+00
942 942 4.00000000000000e+00
942 909 -1.00000000000000e+00
942 941 -1.00000000000000e+00
942 943 -1.00000000000000e+00
942 975 -1.00000000000000e+00
943 943 4.00000000000000e+00
943 910 -1.00000000000000e+00
943 942 -1.00000000000000e+00
943 944 -1.00000000000000e+00
943 976 -1.00000000000000e+00
944 944 4.00000000000000e+00
944 911 -1.00000000000000e+00
944 943 -1.00000000000000e+00
944 945 -1.00000000000000e+00
944 977 -1.00000000000000e+00
945 945 4.00000000000000e+00
945 912 -1.00000000000000e+00
945 944 -1.00000000000000e+00
945 946 -1.00000000000000e+00
945 978 -1.00000000000000e+00
946 946 4.00000000000000e+00
946 913 -1.00000000000000e+00
946 945 -1.00000000000000e+00
946 947 -1.00000000000000e+00
946 979 -1.00000000000000e+00
947 947 4.00000000000000e+00
947 914 -1.00000000000000e+00
947 946 -1.00000000000000e+00
947 948 -1.00000000000000e+00
947 980 -1.00000000000000e+00
948 948 4.00000000000000e+00
948 915 -1.00000000000000e+00
948 947 -1.00000000000000e+00
948 949 -1.00000000000000e+00
948 981 -1.00000000000000e+00
949 949 4.00000000000000e+00
949 916 -1.00000000000000e+00
949 948 -1.00000000000000e+00
949 950 -1.00000000000000e+00
949 982 -1.00000000000000e+00
950 950 4.00000000000000e+00
950 917 -1.00000000000000e+00
950 949 -1.00000000000000e+00
950 951 -1.00000000000000e+00
950 983 -1.00000000000000e+00
951 951 4.00000000000000e+00
951 918 -1.00000000000000e+00
951 950 -1.00000000000000e+00
951 952 -1.00000000000000e+00
951 984 -1.00000000000000e+00
952 952 4.00000000000000e+00
952 919 -1.00000000000000e+00
952 951 -1.00000000000000e+00
952 953 -1.00000000000000e+00
952 985 -1.00000000000000e+00
953 953 4.00000000000000e+00
953 920 -1.00000000000000e+00
953 952 -1.00000000000000e+00
953 954 -1.00000000000000e+00
953 986 -1.00000000000000e+00
954 954 4.00000000000000e+00
954 921 -1.00000000000000e+00
954 953 -1.00000000000000e+00
954 955 -1.00000000000000e+00
954 987 -1.00000000000000e+00
955 955 4.00000000000000e+00
955 922 -1.00000000000000e+00
955 954 -1.00000000000000e+00
955 956 -1.00000000000000e+00
955 988 -1.00000000000000e+00
956 956 4.00000000000000e+00
956 923 -1.00000000000000e+00
956 955 -1.00000000000000e+00
956 989 -1.00000000000000e+00
957 957 4.00000000000000e+00
957 924 -1.00000000000000e+00
957 958 -1.00000000000000e+00
957 990 -1.00000000000000e+00
958 958 4.00000000000000e+00
958 925 -1.00000000000000e+00
958 957 -1.00000000000000e+00
958 959 -1.00000000000000e+00
958 991 -1.00000000000000e+00
959 959 4.00000000000000e+00
959 926 -1.00000000000000e+00
959 958 -1.00000000000000e+00
959 960 -1.00000000000000e+00
959 992 -1.00000000000000e+00
960 960 4.00000000000000e+00
960 927 -1.00000000000000e+00
960 959 -1.00000000000000e+00
960 961 -1.00000000000000e+00
960 993 -1.00000000000000e+00
961 961 4.00000000000000e+00
961 928 -1.00000000000000e+00
961 960 -1.00000000000000e+00
961 962 -1.00000000000000e+00
961 994 -1.00000000000000e+00
962 962 4.00000000000000e+00
962 929 -1.00000000000000e+00
962 961 -1.00000000000000e+00
962 963 -1.00000000000000e+00
962 995 -1.00000000000000e+00
963 963 4.00000000000000e+00
963 930 -1.00000000000000e+00
963 962 -1.00000000000000e+00
963 964 -1.00000000000000e+00
963 996 -1.00000000000000e+00
964 964 4.00000000000000e+00
964 931 -1.00000000000000e+00
964 963 -1.00000000000000e+00
964 965 -1.00000000000000e+00
964 997 -1.00000000000000e+00
965 965 4.00000000000000e+00
965 932 -1.00000000000000e+00
965 964 -1.00000000000000e+00
965 966 -1.00000000000000e+00
965 998 -1.00000000000000e+00
966 966 4.00000000000000e+00
966 933 -1.00000000000000e+00
966 965 -1.00000000000000e+00
966 967 -1.00000000000000e+00
966 999 -1.00000000000000e+00
967 967 4.00000000000000e+00
967 934 -1.00000000000000e+00
967 966 -1.00000000000000e+00
967 968 -1.00000000000000e+00
967 1000 -1.00000000000000e+00
968 968 4.00000000000000e+00
968 935 -1.00000000000000e+00
968 967 -1.00000000000000e+00
968 969 -1.00000000000000e+00
968 1001 -1.00000000000000e+00
969 969 4.00000000000000e+00
969 936 -1.00000000000000e+00
969 968 -1.00000000000000e+00
969 970 -1.00000000000000e+00
969 1002 -1.00000000000000e+00
970 970 4.00000000000000e+00
970 937 -1.00000000000000e+00
970 969 -1.00000000000000e+00
970 971 -1.00000000000000e+00
970 1003 -1.00000000000000e+00
971 971 4.00000000000000e+00
971 938 -1.00000000000000e+00
971 970 -1.00000000000000e+00
971 972 -1.00000000000000e+00
971 1004 -1.00000000000000e+00
972 972 4.00000000000000e+00
972 939 -1.00000000000000e+00
972 971 -1.00000000000000e+00
972 973 -1.00000000000000e+00
972 1005 -1.00000000000000e+00
973 973 4.00000000000000e+00
973 940 -1.00000000000000e+00
973 972 -1.00000000000000e+00
973 974 -1.00000000000000e+00
973 1006 -1.00000000000000e+00
974 974 4.00000000000000e+00
974 941 -1.00000000000000e+00
974 973 -1.00000000000000e+00
974 975 -1.00000000000000e+00
974 1007 -1.00000000000000e+00
975 975 4.00000000000000e+00
975 942 -1.00000000000000e+00
975 974 -1.00000000000000e+00
975 976 -1.00000000000000e+00
975 1008 -1.00000000000000e+00
976 976 4.00000000000000e+00
976 943 -1.00000000000000e+00
976 975 -1.00000000000000e+00
976 977 -1.00000000000000e+00
976 1009 -1.00000000000000e+00
977 977 4.00000000000000e+00
977 944 -1.00000000000000e+00
977 976 -1.00000000000000e+00
977 978 -1.00000000000000e+00
977 1010 -1.00000000000000e+00
978 978 4.00000000000000e+00
978 945 -1.00000000000000e+00
978 977 -1.00000000000000e+00
978 979 -1.00000000000000e+00
978 1011 -1.00000000000000e+00
979 979 4.00000000000000e+00
979 946 -1.00000000000000e+00
979 978 -1.00000000000000e+00
979 980 -1.00000000000000e+00
979 1012 -1.00000000000000e+00
980 980 4.00000000000000e+00
980 947 -1.00000000000000e+00
980 979 -1.00000000000000e+00
980 981 -1.00000000000000e+00
980 1013 -1.00000000000000e+00
981 981 4.00000000000000e+00
981 948 -1.00000000000000e+00
981 980 -1.00000000000000e+00
981 982 -1.00000000000000e+00
981 1014 -1.00000000000000e+00
982 982 4.00000000000000e+00
982 949 -1.00000000000000e+00
982 981 -1.00000000000000e+00
982 983 -1.00000000000000e+00
982 1015 -1.00000000000000e+00
983 983 4.00000000000000e+00
983 950 -1.00000000000000e+00
983 982 -1.00000000000000e+00
983 984 -1.00000000000000e+00
983 1016 -1.00000000000000e+00
984 984 4.00000000000000e+00
984 951 -1.00000000000000e+00
984 983 -1.00000000000000e+00
984 985 -1.00000000000000e+00
984 1017 -1.00000000000000e+00
985 985 4.00000000000000e+00
985 952 -1.00000000000000e+00
985 984 -1.00000000000000e+00
985 986 -1.00000000000000e+00
985 1018 -1.00000000000000e+00
986 986 4.00000000000000e+00
986 953 -1.00000000000000e+00
986 985 -1.00000000000000e+00
986 987 -1.00000000000000e+00
986 1019 -1.00000000000000e+00
987 987 4.00000000000000e+00
987 954 -1.00000000000000e+00
987 986 -1.00000000000000e+00
987 988 -1.00000000000000e+00
987 1020 -1.00000000000000e+00
988 988 4.00000000000000e+00
988 955 -1.00000000000000e+00
988 987 -1.00000000000000e+00
988 989 -1.00000000000000e+00
988 1021 -1.00000000000000e+00
989 989 4.00000000000000e+00
989 956 -1.00000000000000e+00
989 988 -1.00000000000000e+00
989 1022 -1.00000000000000e+00
990 990 4.00000000000000e+00
990 957 -1.00000000000000e+00
990 991 -1.00000000000000e+00
990 1023 -1.00000000000000e+00
991 991 4.00000000000000e+00
991 958 -1.00000000000000e+00
991 990 -1.00000000000000e+00
991 992 -1.00000000000000e+00
991 1024 -1.00000000000000e+00
992 992 4.00000000000000e+00
992 959 -1.00000000000000e+00
992 991 -1.00000000000000e+00
992 993 -1.00000000000000e+00
992 1025 -1.00000000000000e+00
993 993 4.00000000000000e+00
993 960 -1.00000000000000e+00
993 992 -1.00000000000000e+00
993 994 -1.00000000000000e+00
993 1026 -1.00000000000000e+00
994 994 4.00000000000000e+00
994 961 -1.00000000000000e+00
994 993 -1.00000000000000e+00
994 995 -1.00000000000000e+00
994 1027 -1.00000000000000e+00
995 995 4.00000000000000e+00
995 962 -1.00000000000000e+00
995 994 -1.00000000000000e+00
995 996 -1.00000000000000e+00
995 1028 -1.00000000000000e+00
996 996 4.00000000000000e+00
996 963 -1.00000000000000e+00
996 995 -1.00000000000000e+00
996 997 -1.00000000000000e+00
996 1029 -1.00000000000000e+00
997 997 4.00000000000000e+00
997 964 -1.00000000000000e+00
997 996 -1.00000000000000e+00
997 998 -1.00000000000000e+00
997 1030 -1.00000000000000e+00
998 998 4.00000000000000e+00
998 965 -1.00000000000000e+00
998 997 -1.00000000000000e+00
998 999 -1.00000000000000e+00
998 1031 -1.00000000000000e+00
999 999 4.00000000000000e+00
999 966 -1.00000000000000e+00
999 998 -1.00000000000000e+00
999 1000 -1.00000000000000e+00
999 1032 -1.00000000000000e+00
1000 1000 4.00000000000000e+00
1000 967 -1.00000000000000e+00
1000 999 -1.00000000000000e+00
1000 1001 -1.00000000000000e+00
1000 1033 -1.00000000000000e+00
1001 1001 4.00000000000000e+00
1001 968 -1.00000000000000e+00
1001 1000 -1.00000000000000e+00
1001 1002 -1.00000000000000e+00
1001 1034 -1.00000000000000e+00
1002 1002 4.00000000000000e+00
1002 969 -1.00000000000000e+00
1002 1001 -1.00000000000000e+00
1002 1003 -1.00000000000000e+00
1002 1035 -1.00000000000000e+00
1003 1003 4.00000000000000e+00
1003 970 -1.00000000000000e+00
1003 1002 -1.00000000000000e+00
1003 1004 -1.00000000000000e+00
1003 1036 -1.00000000000000e+00
1004 1004 4.00000000000000e+00
1004 971 -1.00000000000000e+00
1004 1003 -1.00000000000000e+00
1004 1005 -1.00000000000000e+00
1004 1037 -1.00000000000000e+00
1005 1005 4.00000000000000e+00
1005 972 -1.00000000000000e+00
1005 1004 -1.00000000000000e+00
1005 1006 -1.00000000000000e+00
1005 1038 -1.00000000000000e+00
1006 1006 4.00000000000000e+00
1006 973 -1.00000000000000e+00
1006 1005 -1.00000000000000e+00
1006 1007 -1.00000000000000e+00
1006 1039 -1.00000000000000e+00
1007 1007 4.00000000000000e+00
1007 974 -1.00000000000000e+00
1007 1006 -1.00000000000000e+00
1007 1008 -1.00000000000000e+00
1007 1040 -1.00000000000000e+00
1008 1008 4.00000000000000e+00
1008 975 -1.00000000000000e+00
1008 1007 -1.00000000000000e+00
1008 1009 -1.00000000000000e+00
1008 1041 -1.00000000000000e+00
1009 1009 4.00000000000000e+00
1009 976 -1.00000000000000e+00
1009 1008 -1.00000000000000e+00
1009 1010 -1.00000000000000e+00
1009 1042 -1.00000000000000e+00
1010 1010 4.00000000000000e+00
1010 977 -1.00000000000000e+00
1010 1009 -1.00000000000000e+00
1010 1011 -1.00000000000000e+00
1010 1043 -1.00000000000000e+00
1011 1011 4.00000000000000e+00
1011 978 -1.00000000000000e+00
1011 1010 -1.00000000000000e+00
1011 1012 -1.00000000000000e+00
1011 1044 -1.00000000000000e+00
1012 1012 4.00000000000000e+00
1012 979 -1.00000000000000e+00
1012 1011 -1.00000000000000e+00
1012 1013 -1.00000000000000e+00
1012 1045 -1.00000000000000e+00
1013 1013 4.00000000000000e+00
1013 980 -1.00000000000000e+00
1013 1012 -1.00000000000000e+00
1013 1014 -1.00000000000000e+00
1013 1046 -1.00000000000000e+00
1014 1014 4.00000000000000e+00
1014 981 -1.00000000000000e+00
1014 1013 -1.00000000000000e+00
1014 1015 -1.00000000000000e+00
1014 1047 -1.00000000000000e+00
1015 1015 4.00000000000000e+00
1015 982 -1.00000000000000e+00
1015 1014 -1.00000000000000e+00
1015 1016 -1.00000000000000e+00
1015 1048 -1.00000000000000e+00
1016 1016 4.00000000000000e+00
1016 983 -1.00000000000000e+00
1016 1015 -1.00000000000000e+00
1016 1017 -1.00000000000000e+00
1016 1049 -1.00000000000000e+00
1017 1017 4.00000000000000e+00
1017 984 -1.00000000000000e+00
1017 1016 -1.00000000000000e+00
1017 1018 -1.00000000000000e+00
1017 1050 -1.00000000000000e+00
1018 1018 4.00000000000000e+00
1018 985 -1.00000000000000e+00
1018 1017 -1.00000000000000e+00
1018 1019 -1.00000000000000e+00
1018 1051 -1.00000000000000e+00
1019 1019 4.00000000000000e+00
1019 986 -1.00000000000000e+00
1019 1018 -1.00000000000000e+00
1019 1020 -1.00000000000000e+00
1019 1052 -1.00000000000000e+00
1020 1020 4.00000000000000e+00
1020 987 -1.00000000000000e+00
1020 1019 -1.00000000000000e+00
1020 1021 -1.00000000000000e+00
1020 1053 -1.00000000000000e+00
1021 1021 4.00000000000000e+00
1021 988 -1.00000000000000e+00
1021 1020 -1.00000000000000e+00
1021 1022 -1.00000000000000e+00
1021 1054 -1.00000000000000e+00
1022 1022 4.00000000000000e+00
1022 989 -1.00000000000000e+00
1022 1021 -1.00000000000000e+00
1022 1055 -1.00000000000000e+00
1023 1023 4.00000000000000e+00
1023 990 -1.00000000000000e+00
1023 1024 -1.00000000000000e+00
1023 1056 -1.00000000000000e+00
1024 1024 4.00000000000000e+00
1024 991 -1.00000000000000e+00
1024 1023 -1.00000000000000e+00
1024 1025 -1.00000000000000e+00
1024 1057 -1.00000000000000e+00
1025 1025 4.00000000000000e+00
1025 992 -1.00000000000000e+00
1025 1024 -1.00000000000000e+00
1025 1026 -1.00000000000000e+00
1025 1058 -1.00000000000000e+00
1026 1026 4.00000000000000e+00
1026 993 -1.00000000000000e+00
1026 1025 -1.00000000000000e+00
1026 1027 -1.00000000000000e+00
1026 1059 -1.00000000000000e+00
1027 1027 4.00000000000000e+00
1027 994 -1.00000000000000e+00
1027 1026 -1.00000000000000e+00
1027 1028 -1.00000000000000e+00
1027 1060 -1.00000000000000e+00
1028 1028 4.00000000000000e+00
1028 995 -1.00000000000000e+00
1028 1027 -1.00000000000000e+00
1028 1029 -1.00000000000000e+00
1028 1061 -1.00000000000000e+00
1029 1029 4.00000000000000e+00
1029 996 -1.00000000000000e+00
1029 1028 -1.00000000000000e+00
1029 1030 -1.00000000000000e+00
1029 1062 -1.00000000000000e+00
1030 1030 4.00000000000000e+00
1030 997 -1.00000000000000e+00
1030 1029 -1.00000000000000e+00
1030 1031 -1.00000000000000e+00
1030 1063 -1.00000000000000e+00
1031 1031 4.00000000000000e+00
1031 998 -1.00000000000000e+00
1031 1030 -1.00000000000000e+00
1031 1032 -1.00000000000000e+00
1031 1064 -1.00000000000000e+00
1032 1032 4.00000000000000e+00
1032 999 -1.00000000000000e+00
1032 1031 -1.00000000000000e+00
1032 1033 -1.00000000000000e+00
1032 1065 -1.00000000000000e+00
1033 1033 4.00000000000000e+00
1033 1000 -1.00000000000000e+00
1033 1032 -1.00000000000000e+00
1033 1034 -1.00000000000000e+00
1033 1066 -1.00000000000000e+00
1034 1034 4.00000000000000e+00
1034 1001 -1.00000000000000e+00
1034 1033 -1.00000000000000e+00
1034 1035 -1.00000000000000e+00
1034 1067 -1.00000000000000e+00
1035 1035 4.00000000000000e+00
1035 1002 -1.00000000000000e+00
1035 1034 -1.00000000000000e+00
1035 1036 -1.00000000000000e+00
1035 1068 -1.00000000000000e+00
1036 1036 4.00000000000000e+00
1036 1003 -1.00000000000000e+00
1036 1035 -1.00000000000000e+00
1036 1037 -1.00000000000000e+00
1036 1069 -1.00000000000000e+00
1037 1037 4.00000000000000e+00
1037 1004 -1.00000000000000e+00
1037 1036 -1.00000000000000e+00
1037 1038 -1.00000000000000e+00
1037 1070 -1.00000000000000e+00
1038 1038 4.00000000000000e+00
1038 1005 -1.00000000000000e+00
1038 1037 -1.00000000000000e+00
1038 1039 -1.00000000000000e+00
1038 1071 -1.00000000000000e+00
1039 1039 4.00000000000000e+00
1039 1006 -1.00000000000000e+00
1039 1038 -1.00000000000000e+00
1039 1040 -1.00000000000000e+00
1039 1072 -1.00000000000000e+00
1040 1040 4.00000000000000e+00
1040 1007 -1.00000000000000e+00
1040 1039 -1.00000000000000e+00
1040 1041 -1.00000000000000e+00
1040 1073 -1.00000000000000e+00
1041 1041 4.00000000000000e+00
1041 1008 -1.00000000000000e+00
1041 1040 -1.00000000000000e+00
1041 1042 -1.00000000000000e+00
1041 1074 -1.00000000000000e+00
1042 1042 4.00000000000000e+00
1042 1009 -1.00000000000000e+00
1042 1041 -1.00000000000000e+00
1042 1043 -1.00000000000000e+00
1042 1075 -1.00000000000000e+00
1043 1043 4.00000000000000e+00
1043 1010 -1.00000000000000e+00
1043 1042 -1.00000000000000e+00
1043 1044 -1.00000000000000e+00
1043 1076 -1.00000000000000e+00
1044 1044 4.00000000000000e+00
1044 1011 -1.00000000000000e+00
1044 1043 -1.00000000000000e+00
1044 1045 -1.00000000000000e+00
1044 1077 -1.00000000000000e+00
1045 1045 4.00000000000000e+00
1045 1012 -1.00000000000000e+00
1045 1044 -1.00000000000000e+00
1045 1046 -1.00000000000000e+00
1045 1078 -1.00000000000000e+00
1046 1046 4.00000000000000e+00
1046 1013 -1.00000000000000e+00
1046 1045 -1.00000000000000e+00
1046 1047 -1.00000000000000e+00
1046 1079 -1.00000000000000e+00
1047 1047 4.00000000000000e+00
1047 1014 -1.00000000000000e+00
1047 1046 -1.00000000000000e+00
1047 1048 -1.00000000000000e+00
1047 1080 -1.00000000000000e+00
1048 1048 4.00000000000000e+00
1048 1015 -1.00000000000000e+00
1048 1047 -1.00000000000000e+00
1048 1049 -1.00000000000000e+00
1048 1081 -1.00000000000000e+00
1049 1049 4.00000000000000e+00
1049 1016 -1.00000000000000e+00
1049 1048 -1.00000000000000e+00
1049 1050 -1.00000000000000e+00
1049 1082 -1.00000000000000e+00
1050 1050 4.00000000000000e+00
1050 1017 -1.00000000000000e+00
1050 1049 -1.00000000000000e+00
1050 1051 -1.00000000000000e+00
1050 1083 -1.00000000000000e+00
1051 1051 4.00000000000000e+00
1051 1018 -1.00000000000000e+00
1051 1050 -1.00000000000000e+00
1051 1052 -1.00000000000000e+00
1051 1084 -1.00000000000000e+00
1052 1052 4.00000000000000e+00
1052 1019 -1.00000000000000e+00
1052 1051 -1.00000000000000e+00
1052 1053 -1.00000000000000e+00
1052 1085 -1.00000000000000e+00
1053 1053 4.00000000000000e+00
1053 1020 -1.00000000000000e+00
1053 1052 -1.00000000000000e+00
1053 1054 -1.00000000000000e+00
1053 1086 -1.00000000000000e+00
1054 1054 4.00000000000000e+00
1054 1021 -1.00000000000000e+00
1054 1053 -1.00000000000000e+00
1054 1055 -1.00000000000000e+00
1054 1087 -1.00000000000000e+00
1055 1055 4.00000000000000e+00
1055 1022 -1.00000000000000e+00
1055 1054 -1.00000000000000e+00
1055 1088 -1.00000000000000e+00
1056 1056 4.00000000000000e+00
1056 1023 -1.00000000000000e+00
1056 1057 -1.00000000000000e+00
1057 1057 4.00000000000000e+00
1057 1024 -1.00000000000000e+00
1057 1056 -1.00000000000000e+00
1057 1058 -1.00000000000000e+00
1058 1058 4.00000000000000e+00
1058 1025 -1.00000000000000e+00
1058 1057 -1.00000000000000e+00
1058 1059 -1.00000000000000e+00
1059 1059 4.00000000000000e+00
1059 1026 -1.00000000000000e+00
1059 1058 -1.00000000000000e+00
1059 1060 -1.00000000000000e+00
1060 1060 4.00000000000000e+00
1060 1027 -1.00000000000000e+00
1060 1059 -1.00000000000000e+00
1060 1061 -1.00000000000000e+00
1061 1061 4.00000000000000e+00
1061 1028 -1.00000000000000e+00
1061 1060 -1.00000000000000e+00
1061 1062 -1.00000000000000e+00
1062 1062 4.00000000000000e+00
1062 1029 -1.00000000000000e+00
1062 1061 -1.00000000000000e+00
1062 1063 -1.00000000000000e+00
1063 1063 4.00000000000000e+00
1063 1030 -1.00000000000000e+00
1063 1062 -1.00000000000000e+00
1063 1064 -1.00000000000000e+00
1064 1064 4.00000000000000e+00
1064 1031 -1.00000000000000e+00
1064 1063 -1.00000000000000e+00
1064 1065 -1.00000000000000e+00
1065 1065 4.00000000000000e+00
1065 1032 -1.00000000000000e+00
1065 1064 -1.00000000000000e+00
1065 1066 -1.00000000000000e+00
1066 1066 4.00000000000000e+00
1066 1033 -1.00000000000000e+00
1066 1065 -1.00000000000000e+00
1066 1067 -1.00000000000000e+00
1067 1067 4.00000000000000e+00
1067 1034 -1.00000000000000e+00
1067 1066 -1.00000000000000e+00
1067 1068 -1.00000000000000e+00
1068 1068 4.00000000000000e+00
1068 1035 -1.00000000000000e+00
1068 1067 -1.00000000000000e+00
1068 1069 -1.00000000000000e+00
1069 1069 4.00000000000000e+00
1069 1036 -1.00000000000000e+00
1069 1068 -1.00000000000000e+00
1069 1070 -1.00000000000000e+00
1070 1070 4.00000000000000e+00
1070 1037 -1.00000000000000e+00
1070 1069 -1.00000000000000e+00
1070 1071 -1.00000000000000e+00
1071 1071 4.00000000000000e+00
1071 1038 -1.00000000000000e+00
1071 1070 -1.00000000000000e+00
1071 1072 -1.00000000000000e+00
1072 1072 4.00000000000000e+00
1072 1039 -1.00000000000000e+00
1072 1071 -1.00000000000000e+00
1072 1073 -1.00000000000000e+00
1073 1073 4.00000000000000e+00
1073 1040 -1.00000000000000e+00
1073 1072 -1.00000000000000e+00
1073 1074 -1.00000000000000e+00
1074 1074 4.00000000000000e+00
1074 1041 -1.00000000000000e+00
1074 1073 -1.00000000000000e+00
1074 1075 -1.00000000000000e+00
1075 1075 4.00000000000000e+00
1075 1042 -1.00000000000000e+00
1075 1074 -1.00000000000000e+00
1075 1076 -1.00000000000000e+00
1076 1076 4.00000000000000e+00
1076 1043 -1.00000000000000e+00
1076 1075 -1.00000000000000e+00
1076 1077 -1.00000000000000e+00
1077 1077 4.00000000000000e+00
1077 1044 -1.00000000000000e+00
1077 1076 -1.00000000000000e+00
1077 1078 -1.00000000000000e+00
1078 1078 4.00000000000000e+00
1078 1045 -1.00000000000000e+00
1078 1077 -1.00000000000000e+00
1078 1079 -1.00000000000000e+00
1079 1079 4.00000000000000e+00
1079 1046 -1.00000000000000e+00
1079 1078 -1.00000000000000e+00
1079 1080 -1.00000000000000e+00
1080 1080 4.00000000000000e+00
1080 1047 -1.00000000000000e+00
1080 1079 -1.00000000000000e+00
1080 1081 -1.00000000000000e+00
1081 1081 4.00000000000000e+00
1081 1048 -1.00000000000000e+00
1081 1080 -1.00000000000000e+00
1081 1082 -1.00000000000000e+00
1082 1082 4.00000000000000e+00
1082 1049 -1.00000000000000e+00
1082 1081 -1.00000000000000e+00
1082 1083 -1.00000000000000e+00
1083 1083 4.00000000000000e+00
1083 1050 -1.00000000000000e+00
1083 1082 -1.00000000000000e+00
1083 1084 -1.00000000000000e+00
1084 1084 4.00000000000000e+00
1084 1051 -1.00000000000000e+00
1084 1083 -1.00000000000000e+00
1084 1085 -1.00000000000000e+00
1085 1085 4.00000000000000e+00
1085 1052 -1.00000000000000e+00
1085 1084 -1.00000000000000e+00
1085 1086 -1.00000000000000e+00
1086 1086 4.00000000000000e+00
1086 1053 -1.00000000000000e+00
1086 1085 -1.00000000000000e+00
1086 1087 -1.00000000000000e+00
1087 1087 4.00000000000000e+00
1087 1054 -1.00000000000000e+00
1087 1086 -1.00000000000000e+00
1087 1088 -1.00000000000000e+00
1088 1088 4.00000000000000e+00
1088 1055 -1.00000000000000e+00
1088 1087 -1.00000000000000e+00
