0 272 0 272
0 0 4.00000000000000e+00
0 1 -1.00000000000000e+00
0 33 -1.00000000000000e+00
1 1 4.00000000000000e+00
1 0 -1.00000000000000e+00
1 2 -1.00000000000000e+00
1 34 -1.00000000000000e+00
2 2 4.00000000000000e+00
2 1 -1.00000000000000e+00
2 3 -1.00000000000000e+00
2 35 -1.00000000000000e+00
3 3 4.00000000000000e+00
3 2 -1.00000000000000e+00
3 4 -1.00000000000000e+00
3 36 -1.00000000000000e+00
4 4 4.00000000000000e+00
4 3 -1.00000000000000e+00
4 5 -1.00000000000000e+00
4 37 -1.00000000000000e+00
5 5 4.00000000000000e+00
5 4 -1.00000000000000e+00
5 6 -1.00000000000000e+00
5 38 -1.00000000000000e+00
6 6 4.00000000000000e+00
6 5 -1.00000000000000e+00
6 7 -1.00000000000000e+00
6 39 -1.00000000000000e+00
7 7 4.00000000000000e+00
7 6 -1.00000000000000e+00
7 8 -1.00000000000000e+00
7 40 -1.00000000000000e+00
8 8 4.00000000000000e+00
8 7 -1.00000000000000e+00
8 9 -1.00000000000000e+00
8 41 -1.00000000000000e+00
9 9 4.00000000000000e+00
9 8 -1.00000000000000e+00
9 10 -1.00000000000000e+00
9 42 -1.00000000000000e+00
10 10 4.00000000000000e+00
10 9 -1.00000000000000e+00
10 11 -1.00000000000000e+00
10 43 -1.00000000000000e+00
11 11 4.00000000000000e+00
11 10 -1.00000000000000e+00
11 12 -1.00000000000000e+00
11 44 -1.00000000000000e+00
12 12 4.00000000000000e+00
12 11 -1.00000000000000e+00
12 13 -1.00000000000000e+00
12 45 -1.00000000000000e+00
13 13 4.00000000000000e+00
13 12 -1.00000000000000e+00
13 14 -1.00000000000000e+00
13 46 -1.00000000000000e+00
14 14 4.00000000000000e+00
14 13 -1.00000000000000e+00
14 15 -1.00000000000000e+00
14 47 -1.00000000000000e+00
15 15 4.00000000000000e+00
15 14 -1.00000000000000e+00
15 16 -1.00000000000000e+00
15 48 -1.00000000000000e+00
16 16 4.00000000000000e+00
16 15 -1.00000000000000e+00
16 17 -1.00000000000000e+00
16 49 -1.00000000000000e+00
17 17 4.00000000000000e+00
17 16 -1.00000000000000e+00
17 18 -1.00000000000000e+00
17 50 -1.00000000000000e+00
18 18 4.00000000000000e+00
18 17 -1.00000000000000e+00
18 19 -1.00000000000000e+00
18 51 -1.00000000000000e+00
19 19 4.00000000000000e+00
19 18 -1.00000000000000e+00
19 20 -1.00000000000000e+00
19 52 -1.00000000000000e+00
20 20 4.00000000000000e+00
20 19 -1.00000000000000e+00
20 21 -1.00000000000000e+00
20 53 -1.00000000000000e+00
21 21 4.00000000000000e+00
21 20 -1.00000000000000e+00
21 22 -1.00000000000000e+00
21 54 -1.00000000000000e+00
22 22 4.00000000000000e+00
22 21 -1.00000000000000e+00
22 23 -1.00000000000000e+00
22 55 -1.00000000000000e+00
23 23 4.00000000000000e+00
23 22 -1.00000000000000e+00
23 24 -1.00000000000000e+00
23 56 -1.00000000000000e+00
24 24 4.00000000000000e+00
24 23 -1.00000000000000e+00
24 25 -1.00000000000000e+00
24 57 -1.00000000000000e+00
25 25 4.00000000000000e+00
25 24 -1.00000000000000e+00
25 26 -1.00000000000000e+00
25 58 -1.00000000000000e+00
26 26 4.00000000000000e+00
26 25 -1.00000000000000e+00
26 27 -1.00000000000000e+00
26 59 -1.00000000000000e+00
27 27 4.00000000000000e+00
27 26 -1.00000000000000e+00
27 28 -1.00000000000000e+00
27 60 -1.00000000000000e+00
28 28 4.00000000000000e+00
28 27 -1.00000000000000e+00
28 29 -1.00000000000000e+00
28 61 -1.00000000000000e+00
29 29 4.00000000000000e+00
29 28 -1.00000000000000e+00
29 30 -1.00000000000000e+00
29 62 -1.00000000000000e+00
30 30 4.00000000000000e+00
30 29 -1.00000000000000e+00
30 31 -1.00000000000000e+00
30 63 -1.00000000000000e+00
31 31 4.00000000000000e+00
31 30 -1.00000000000000e+00
31 32 -1.00000000000000e+00
31 64 -1.00000000000000e+00
32 32 4.00000000000000e+00
32 31 -1.00000000000000e+00
32 65 -1.00000000000000e+00
33 33 4.00000000000000e+00
33 0 -1.00000000000000e+00
33 34 -1.00000000000000e+00
33 66 -1.00000000000000e+00
34 34 4.00000000000000e+00
34 1 -1.00000000000000e+00
34 33 -1.00000000000000e+00
34 35 -1.00000000000000e+00
34 67 -1.00000000000000e+00
35 35 4.00000000000000e+00
35 2 -1.00000000000000e+00
35 34 -1.00000000000000e+00
35 36 -1.00000000000000e+00
35 68 -1.00000000000000e+00
36 36 4.00000000000000e+00
36 3 -1.00000000000000e+00
36 35 -1.00000000000000e+00
36 37 -1.00000000000000e+00
36 69 -1.00000000000000e+00
37 37 4.00000000000000e+00
37 4 -1.00000000000000e+00
37 36 -1.00000000000000e+00
37 38 -1.00000000000000e+00
37 70 -1.00000000000000e+00
38 38 4.00000000000000e+00
38 5 -1.00000000000000e+00
38 37 -1.00000000000000e+00
38 39 -1.00000000000000e+00
38 71 -1.00000000000000e+00
39 39 4.00000000000000e+00
39 6 -1.00000000000000e+00
39 38 -1.00000000000000e+00
39 40 -1.00000000000000e+00
39 72 -1.00000000000000e+00
40 40 4.00000000000000e+00
40 7 -1.00000000000000e+00
40 39 -1.00000000000000e+00
40 41 -1.00000000000000e+00
40 73 -1.00000000000000e+00
41 41 4.00000000000000e+00
41 8 -1.00000000000000e+00
41 40 -1.00000000000000e+00
41 42 -1.00000000000000e+00
41 74 -1.00000000000000e+00
42 42 4.00000000000000e+00
42 9 -1.00000000000000e+00
42 41 -1.00000000000000e+00
42 43 -1.00000000000000e+00
42 75 -1.00000000000000e+00
43 43 4.00000000000000e+00
43 10 -1.00000000000000e+00
43 42 -1.00000000000000e+00
43 44 -1.00000000000000e+00
43 76 -1.00000000000000e+00
44 44 4.00000000000000e+00
44 11 -1.00000000000000e+00
44 43 -1.00000000000000e+00
44 45 -1.00000000000000e+00
44 77 -1.00000000000000e+00
45 45 4.00000000000000e+00
45 12 -1.00000000000000e+00
45 44 -1.00000000000000e+00
45 46 -1.00000000000000e+00
45 78 -1.00000000000000e+00
46 46 4.00000000000000e+00
46 13 -1.00000000000000e+00
46 45 -1.00000000000000e+00
46 47 -1.00000000000000e+00
46 79 -1.00000000000000e+00
47 47 4.00000000000000e+00
47 14 -1.00000000000000e+00
47 46 -1.00000000000000e+00
47 48 -1.00000000000000e+00
47 80 -1.00000000000000e+00
48 48 4.00000000000000e+00
48 15 -1.00000000000000e+00
48 47 -1.00000000000000e+00
48 49 -1.00000000000000e+00
48 81 -1.00000000000000e+00
49 49 4.00000000000000e+00
49 16 -1.00000000000000e+00
49 48 -1.00000000000000e+00
49 50 -1.00000000000000e+00
49 82 -1.00000000000000e+00
50 50 4.00000000000000e+00
50 17 -1.00000000000000e+00
50 49 -1.00000000000000e+00
50 51 -1.00000000000000e+00
50 83 -1.00000000000000e+00
51 51 4.00000000000000e+00
51 18 -1.00000000000000e+00
51 50 -1.00000000000000e+00
51 52 -1.00000000000000e+00
51 84 -1.00000000000000e+00
52 52 4.00000000000000e+00
52 19 -1.00000000000000e+00
52 51 -1.00000000000000e+00
52 53 -1.00000000000000e+00
52 85 -1.00000000000000e+00
53 53 4.00000000000000e+00
53 20 -1.00000000000000e+00
53 52 -1.00000000000000e+00
53 54 -1.00000000000000e+00
53 86 -1.00000000000000e+00
54 54 4.00000000000000e+00
54 21 -1.00000000000000e+00
54 53 -1.00000000000000e+00
54 55 -1.00000000000000e+00
54 87 -1.00000000000000e+00
55 55 4.00000000000000e+00
55 22 -1.00000000000000e+00
55 54 -1.00000000000000e+00
55 56 -1.00000000000000e+00
55 88 -1.00000000000000e+00
56 56 4.00000000000000e+00
56 23 -1.00000000000000e+00
56 55 -1.00000000000000e+00
56 57 -1.00000000000000e+00
56 89 -1.00000000000000e+00
57 57 4.00000000000000e+00
57 24 -1.00000000000000e+00
57 56 -1.00000000000000e+00
57 58 -1.00000000000000e+00
57 90 -1.00000000000000e+00
58 58 4.00000000000000e+00
58 25 -1.00000000000000e+00
58 57 -1.00000000000000e+00
58 59 -1.00000000000000e+00
58 91 -1.00000000000000e+00
59 59 4.00000000000000e+00
59 26 -1.00000000000000e+00
59 58 -1.00000000000000e+00
59 60 -1.00000000000000e+00
59 92 -1.00000000000000e+00
60 60 4.00000000000000e+00
60 27 -1.00000000000000e+00
60 59 -1.00000000000000e+00
60 61 -1.00000000000000e+00
60 93 -1.00000000000000e+00
61 61 4.00000000000000e+00
61 28 -1.00000000000000e+00
61 60 -1.00000000000000e+00
61 62 -1.00000000000000e+00
61 94 -1.00000000000000e+00
62 62 4.00000000000000e+00
62 29 -1.00000000000000e+00
62 61 -1.00000000000000e+00
62 63 -1.00000000000000e+00
62 95 -1.00000000000000e+00
63 63 4.00000000000000e+00
63 30 -1.00000000000000e+00
63 62 -1.00000000000000e+00
63 64 -1.00000000000000e+00
63 96 -1.00000000000000e+00
64 64 4.00000000000000e+00
64 31 -1.00000000000000e+00
64 63 -1.00000000000000e+00
64 65 -1.00000000000000e+00
64 97 -1.00000000000000e+00
65 65 4.00000000000000e+00
65 32 -1.00000000000000e+00
65 64 -1.00000000000000e+00
65 98 -1.00000000000000e+00
66 66 4.00000000000000e+00
66 33 -1.00000000000000e+00
66 67 -1.00000000000000e+00
66 99 -1.00000000000000e+00
67 67 4.00000000000000e+00
67 34 -1.00000000000000e+00
67 66 -1.00000000000000e+00
67 68 -1.00000000000000e+00
67 100 -1.00000000000000e+00
68 68 4.00000000000000e+00
68 35 -1.00000000000000e+00
68 67 -1.00000000000000e+00
68 69 -1.00000000000000e+00
68 101 -1.00000000000000e+00
69 69 4.00000000000000e+00
69 36 -1.00000000000000e+00
69 68 -1.00000000000000e+00
69 70 -1.00000000000000e+00
69 102 -1.00000000000000e+00
70 70 4.00000000000000e+00
70 37 -1.00000000000000e+00
70 69 -1.00000000000000e+00
70 71 -1.00000000000000e+00
70 103 -1.00000000000000e+00
71 71 4.00000000000000e+00
71 38 -1.00000000000000e+00
71 70 -1.00000000000000e+00
71 72 -1.00000000000000e+00
71 104 -1.00000000000000e+00
72 72 4.00000000000000e+00
72 39 -1.00000000000000e+00
72 71 -1.00000000000000e+00
72 73 -1.00000000000000e+00
72 105 -1.00000000000000e+00
73 73 4.00000000000000e+00
73 40 -1.00000000000000e+00
73 72 -1.00000000000000e+00
73 74 -1.00000000000000e+00
73 106 -1.00000000000000e+00
74 74 4.00000000000000e+00
74 41 -1.00000000000000e+00
74 73 -1.00000000000000e+00
74 75 -1.00000000000000e+00
74 107 -1.00000000000000e+00
75 75 4.00000000000000e+00
75 42 -1.00000000000000e+00
75 74 -1.00000000000000e+00
75 76 -1.00000000000000e+00
75 108 -1.00000000000000e+00
76 76 4.00000000000000e+00
76 43 -1.00000000000000e+00
76 75 -1.00000000000000e+00
76 77 -1.00000000000000e+00
76 109 -1.00000000000000e+00
77 77 4.00000000000000e+00
77 44 -1.00000000000000e+00
77 76 -1.00000000000000e+00
77 78 -1.00000000000000e+00
77 110 -1.00000000000000e+00
78 78 4.00000000000000e+00
78 45 -1.00000000000000e+00
78 77 -1.00000000000000e+00
78 79 -1.00000000000000e+00
78 111 -1.00000000000000e+00
79 79 4.00000000000000e+00
79 46 -1.00000000000000e+00
79 78 -1.00000000000000e+00
79 80 -1.00000000000000e+00
79 112 -1.00000000000000e+00
80 80 4.00000000000000e+00
80 47 -1.00000000000000e+00
80 79 -1.00000000000000e+00
80 81 -1.00000000000000e+00
80 113 -1.00000000000000e+00
81 81 4.00000000000000e+00
81 48 -1.00000000000000e+00
81 80 -1.00000000000000e+00
81 82 -1.00000000000000e+00
81 114 -1.00000000000000e+00
82 82 4.00000000000000e+00
82 49 -1.00000000000000e+00
82 81 -1.00000000000000e+00
82 83 -1.00000000000000e+00
82 115 -1.00000000000000e+00
83 83 4.00000000000000e+00
83 50 -1.00000000000000e+00
83 82 -1.00000000000000e+00
83 84 -1.00000000000000e+00
83 116 -1.00000000000000e+00
84 84 4.00000000000000e+00
84 51 -1.00000000000000e+00
84 83 -1.00000000000000e+00
84 85 -1.00000000000000e+00
84 117 -1.00000000000000e+00
85 85 4.00000000000000e+00
85 52 -1.00000000000000e+00
85 84 -1.00000000000000e+00
85 86 -1.00000000000000e+00
85 118 -1.00000000000000e+00
86 86 4.00000000000000e+00
86 53 -1.00000000000000e+00
86 85 -1.00000000000000e+00
86 87 -1.00000000000000e+00
86 119 -1.00000000000000e+00
87 87 4.00000000000000e+00
87 54 -1.00000000000000e+00
87 86 -1.00000000000000e+00
87 88 -1.00000000000000e+00
87 120 -1.00000000000000e+00
88 88 4.00000000000000e+00
88 55 -1.00000000000000e+00
88 87 -1.00000000000000e+00
88 89 -1.00000000000000e+00
88 121 -1.00000000000000e+00
89 89 4.00000000000000e+00
89 56 -1.00000000000000e+00
89 88 -1.00000000000000e+00
89 90 -1.00000000000000e+00
89 122 -1.00000000000000e+00
90 90 4.00000000000000e+00
90 57 -1.00000000000000e+00
90 89 -1.00000000000000e+00
90 91 -1.00000000000000e+00
90 123 -1.00000000000000e+00
91 91 4.00000000000000e+00
91 58 -1.00000000000000e+00
91 90 -1.00000000000000e+00
91 92 -1.00000000000000e+00
91 124 -1.00000000000000e+00
92 92 4.00000000000000e+00
92 59 -1.00000000000000e+00
92 91 -1.00000000000000e+00
92 93 -1.00000000000000e+00
92 125 -1.00000000000000e+00
93 93 4.00000000000000e+00
93 60 -1.00000000000000e+00
93 92 -1.00000000000000e+00
93 94 -1.00000000000000e+00
93 126 -1.00000000000000e+00
94 94 4.00000000000000e+00
94 61 -1.00000000000000e+00
94 93 -1.00000000000000e+00
94 95 -1.00000000000000e+00
94 127 -1.00000000000000e+00
95 95 4.00000000000000e+00
95 62 -1.00000000000000e+00
95 94 -1.00000000000000e+00
95 96 -1.00000000000000e+00
95 128 -1.00000000000000e+00
96 96 4.00000000000000e+00
96 63 -1.00000000000000e+00
96 95 -1.00000000000000e+00
96 97 -1.00000000000000e+00
96 129 -1.00000000000000e+00
97 97 4.00000000000000e+00
97 64 -1.00000000000000e+00
97 96 -1.00000000000000e+00
97 98 -1.00000000000000e+00
97 130 -1.00000000000000e+00
98 98 4.00000000000000e+00
98 65 -1.00000000000000e+00
98 97 -1.00000000000000e+00
98 131 -1.00000000000000e+00
99 99 4.00000000000000e+00
99 66 -1.00000000000000e+00
99 100 -1.00000000000000e+00
99 132 -1.00000000000000e+00
100 100 4.00000000000000e+00
100 67 -1.00000000000000e+00
100 99 -1.00000000000000e+00
100 101 -1.00000000000000e+00
100 133 -1.00000000000000e+00
101 101 4.00000000000000e+00
101 68 -1.00000000000000e+00
101 100 -1.00000000000000e+00
101 102 -1.00000000000000e+00
101 134 -1.00000000000000e+00
102 102 4.00000000000000e+00
102 69 -1.00000000000000e+00
102 101 -1.00000000000000e+00
102 103 -1.00000000000000e+00
102 135 -1.00000000000000e+00
103 103 4.00000000000000e+00
103 70 -1.00000000000000e+00
103 102 -1.00000000000000e+00
103 104 -1.00000000000000e+00
103 136 -1.00000000000000e+00
104 104 4.00000000000000e+00
104 71 -1.00000000000000e+00
104 103 -1.00000000000000e+00
104 105 -1.00000000000000e+00
104 137 -1.00000000000000e+00
105 105 4.00000000000000e+00
105 72 -1.00000000000000e+00
105 104 -1.00000000000000e+00
105 106 -1.00000000000000e+00
105 138 -1.00000000000000e+00
106 106 4.00000000000000e+00
106 73 -1.00000000000000e+00
106 105 -1.00000000000000e+00
106 107 -1.00000000000000e+00
106 139 -1.00000000000000e+00
107 107 4.00000000000000e+00
107 74 -1.00000000000000e+00
107 106 -1.00000000000000e+00
107 108 -1.00000000000000e+00
107 140 -1.00000000000000e+00
108 108 4.00000000000000e+00
108 75 -1.00000000000000e+00
108 107 -1.00000000000000e+00
108 109 -1.00000000000000e+00
108 141 -1.00000000000000e+00
109 109 4.00000000000000e+00
109 76 -1.00000000000000e+00
109 108 -1.00000000000000e+00
109 110 -1.00000000000000e+00
109 142 -1.00000000000000e+00
110 110 4.00000000000000e+00
110 77 -1.00000000000000e+00
110 109 -1.00000000000000e+00
110 111 -1.00000000000000e+00
110 143 -1.00000000000000e+00
111 111 4.00000000000000e+00
111 78 -1.00000000000000e+00
111 110 -1.00000000000000e+00
111 112 -1.00000000000000e+00
111 144 -1.00000000000000e+00
112 112 4.00000000000000e+00
112 79 -1.00000000000000e+00
112 111 -1.00000000000000e+00
112 113 -1.00000000000000e+00
112 145 -1.00000000000000e+00
113 113 4.00000000000000e+00
113 80 -1.00000000000000e+00
113 112 -1.00000000000000e+00
113 114 -1.00000000000000e+00
113 146 -1.00000000000000e+00
114 114 4.00000000000000e+00
114 81 -1.00000000000000e+00
114 113 -1.00000000000000e+00
114 115 -1.00000000000000e+00
114 147 -1.00000000000000e+00
115 115 4.00000000000000e+00
115 82 -1.00000000000000e+00
115 114 -1.00000000000000e+00
115 116 -1.00000000000000e+00
115 148 -1.00000000000000e+00
116 116 4.00000000000000e+00
116 83 -1.00000000000000e+00
116 115 -1.00000000000000e+00
116 117 -1.00000000000000e+00
116 149 -1.00000000000000e+00
117 117 4.00000000000000e+00
117 84 -1.00000000000000e+00
117 116 -1.00000000000000e+00
117 118 -1.00000000000000e+00
117 150 -1.00000000000000e+00
118 118 4.00000000000000e+00
118 85 -1.00000000000000e+00
118 117 -1.00000000000000e+00
118 119 -1.00000000000000e+00
118 151 -1.00000000000000e+00
119 119 4.00000000000000e+00
119 86 -1.00000000000000e+00
119 118 -1.00000000000000e+00
119 120 -1.00000000000000e+00
119 152 -1.00000000000000e+00
120 120 4.00000000000000e+00
120 87 -1.00000000000000e+00
120 119 -1.00000000000000e+00
120 121 -1.00000000000000e+00
120 153 -1.00000000000000e+00
121 121 4.00000000000000e+00
121 88 -1.00000000000000e+00
121 120 -1.00000000000000e+00
121 122 -1.00000000000000e+00
121 154 -1.00000000000000e+00
122 122 4.00000000000000e+00
122 89 -1.00000000000000e+00
122 121 -1.00000000000000e+00
122 123 -1.00000000000000e+00
122 155 -1.00000000000000e+00
123 123 4.00000000000000e+00
123 90 -1.00000000000000e+00
123 122 -1.00000000000000e+00
123 124 -1.00000000000000e+00
123 156 -1.00000000000000e+00
124 124 4.00000000000000e+00
124 91 -1.00000000000000e+00
124 123 -1.00000000000000e+00
124 125 -1.00000000000000e+00
124 157 -1.00000000000000e+00
125 125 4.00000000000000e+00
125 92 -1.00000000000000e+00
125 124 -1.00000000000000e+00
125 126 -1.00000000000000e+00
125 158 -1.00000000000000e+00
126 126 4.00000000000000e+00
126 93 -1.00000000000000e+00
126 125 -1.00000000000000e+00
126 127 -1.00000000000000e+00
126 159 -1.00000000000000e+00
127 127 4.00000000000000e+00
127 94 -1.00000000000000e+00
127 126 -1.00000000000000e+00
127 128 -1.00000000000000e+00
127 160 -1.00000000000000e+00
128 128 4.00000000000000e+00
128 95 -1.00000000000000e+00
128 127 -1.00000000000000e+00
128 129 -1.00000000000000e+00
128 161 -1.00000000000000e+00
129 129 4.00000000000000e+00
129 96 -1.00000000000000e+00
129 128 -1.00000000000000e+00
129 130 -1.00000000000000e+00
129 162 -1.00000000000000e+00
130 130 4.00000000000000e+00
130 97 -1.00000000000000e+00
130 129 -1.00000000000000e+00
130 131 -1.00000000000000e+00
130 163 -1.00000000000000e+00
131 131 4.00000000000000e+00
131 98 -1.00000000000000e+00
131 130 -1.00000000000000e+00
131 164 -1.00000000000000e+00
132 132 4.00000000000000e+00
132 99 -1.00000000000000e+00
132 133 -1.00000000000000e+00
132 165 -1.00000000000000e+00
133 133 4.00000000000000e+00
133 100 -1.00000000000000e+00
133 132 -1.00000000000000e+00
133 134 -1.00000000000000e+00
133 166 -1.00000000000000e+00
134 134 4.00000000000000e+00
134 101 -1.00000000000000e+00
134 133 -1.00000000000000e+00
134 135 -1.00000000000000e+00
134 167 -1.00000000000000e+00
135 135 4.00000000000000e+00
135 102 -1.00000000000000e+00
135 134 -1.00000000000000e+00
135 136 -1.00000000000000e+00
135 168 -1.00000000000000e+00
136 136 4.00000000000000e+00
136 103 -1.00000000000000e+00
136 135 -1.00000000000000e+00
136 137 -1.00000000000000e+00
136 169 -1.00000000000000e+00
137 137 4.00000000000000e+00
137 104 -1.00000000000000e+00
137 136 -1.00000000000000e+00
137 138 -1.00000000000000e+00
137 170 -1.00000000000000e+00
138 138 4.00000000000000e+00
138 105 -1.00000000000000e+00
138 137 -1.00000000000000e+00
138 139 -1.00000000000000e+00
138 171 -1.00000000000000e+00
139 139 4.00000000000000e+00
139 106 -1.00000000000000e+00
139 138 -1.00000000000000e+00
139 140 -1.00000000000000e+00
139 172 -1.00000000000000e+00
140 140 4.00000000000000e+00
140 107 -1.00000000000000e+00
140 139 -1.00000000000000e+00
140 141 -1.00000000000000e+00
140 173 -1.00000000000000e+00
141 141 4.00000000000000e+00
141 108 -1.00000000000000e+00
141 140 -1.00000000000000e+00
141 142 -1.00000000000000e+00
141 174 -1.00000000000000e+00
142 142 4.00000000000000e+00
142 109 -1.00000000000000e+00
142 141 -1.00000000000000e+00
142 143 -1.00000000000000e+00
142 175 -1.00000000000000e+00
143 143 4.00000000000000e+00
143 110 -1.00000000000000e+00
143 142 -1.00000000000000e+00
143 144 -1.00000000000000e+00
143 176 -1.00000000000000e+00
144 144 4.00000000000000e+00
144 111 -1.00000000000000e+00
144 143 -1.00000000000000e+00
144 145 -1.00000000000000e+00
144 177 -1.00000000000000e+00
145 145 4.00000000000000e+00
145 112 -1.00000000000000e+00
145 144 -1.00000000000000e+00
145 146 -1.00000000000000e+00
145 178 -1.00000000000000e+00
146 146 4.00000000000000e+00
146 113 -1.00000000000000e+00
146 145 -1.00000000000000e+00
146 147 -1.00000000000000e+00
146 179 -1.00000000000000e+00
147 147 4.00000000000000e+00
147 114 -1.00000000000000e+00
147 146 -1.00000000000000e+00
147 148 -1.00000000000000e+00
147 180 -1.00000000000000e+00
148 148 4.00000000000000e+00
148 115 -1.00000000000000e+00
148 147 -1.00000000000000e+00
148 149 -1.00000000000000e+00
148 181 -1.00000000000000e+00
149 149 4.00000000000000e+00
149 116 -1.00000000000000e+00
149 148 -1.00000000000000e+00
149 150 -1.00000000000000e+00
149 182 -1.00000000000000e+00
150 150 4.00000000000000e+00
150 117 -1.00000000000000e+00
150 149 -1.00000000000000e+00
150 151 -1.00000000000000e+00
150 183 -1.00000000000000e+00
151 151 4.00000000000000e+00
151 118 -1.00000000000000e+00
151 150 -1.00000000000000e+00
151 152 -1.00000000000000e+00
151 184 -1.00000000000000e+00
152 152 4.00000000000000e+00
152 119 -1.00000000000000e+00
152 151 -1.00000000000000e+00
152 153 -1.00000000000000e+00
152 185 -1.00000000000000e+00
153 153 4.00000000000000e+00
153 120 -1.00000000000000e+00
153 152 -1.00000000000000e+00
153 154 -1.00000000000000e+00
153 186 -1.00000000000000e+00
154 154 4.00000000000000e+00
154 121 -1.00000000000000e+00
154 153 -1.00000000000000e+00
154 155 -1.00000000000000e+00
154 187 -1.00000000000000e+00
155 155 4.00000000000000e+00
155 122 -1.00000000000000e+00
155 154 -1.00000000000000e+00
155 156 -1.00000000000000e+00
155 188 -1.00000000000000e+00
156 156 4.00000000000000e+00
156 123 -1.00000000000000e+00
156 155 -1.00000000000000e+00
156 157 -1.00000000000000e+00
156 189 -1.00000000000000e+00
157 157 4.00000000000000e+00
157 124 -1.00000000000000e+00
157 156 -1.00000000000000e+00
157 158 -1.00000000000000e+00
157 190 -1.00000000000000e+00
158 158 4.00000000000000e+00
158 125 -1.00000000000000e+00
158 157 -1.00000000000000e+00
158 159 -1.00000000000000e+00
158 191 -1.00000000000000e+00
159 159 4.00000000000000e+00
159 126 -1.00000000000000e+00
159 158 -1.00000000000000e+00
159 160 -1.00000000000000e+00
159 192 -1.00000000000000e+00
160 160 4.00000000000000e+00
160 127 -1.00000000000000e+00
160 159 -1.00000000000000e+00
160 161 -1.00000000000000e+00
160 193 -1.00000000000000e+00
161 161 4.00000000000000e+00
161 128 -1.00000000000000e+00
161 160 -1.00000000000000e+00
161 162 -1.00000000000000e+00
161 194 -1.00000000000000e+00
162 162 4.00000000000000e+00
162 129 -1.00000000000000e+00
162 161 -1.00000000000000e+00
162 163 -1.00000000000000e+00
162 195 -1.00000000000000e+00
163 163 4.00000000000000e+00
163 130 -1.00000000000000e+00
163 162 -1.00000000000000e+00
163 164 -1.00000000000000e+00
163 196 -1.00000000000000e+00
164 164 4.00000000000000e+00
164 131 -1.00000000000000e+00
164 163 -1.00000000000000e+00
164 197 -1.00000000000000e+00
165 165 4.00000000000000e+00
165 132 -1.00000000000000e+00
165 166 -1.00000000000000e+00
165 198 -1.00000000000000e+00
166 166 4.00000000000000e+00
166 133 -1.00000000000000e+00
166 165 -1.00000000000000e+00
166 167 -1.00000000000000e+00
166 199 -1.00000000000000e+00
167 167 4.00000000000000e+00
167 134 -1.00000000000000e+00
167 166 -1.00000000000000e+00
167 168 -1.00000000000000e+00
167 200 -1.00000000000000e+00
168 168 4.00000000000000e+00
168 135 -1.00000000000000e+00
168 167 -1.00000000000000e+00
168 169 -1.00000000000000e+00
168 201 -1.00000000000000e+00
169 169 4.00000000000000e+00
169 136 -1.00000000000000e+00
169 168 -1.00000000000000e+00
169 170 -1.00000000000000e+00
169 202 -1.00000000000000e+00
170 170 4.00000000000000e+00
170 137 -1.00000000000000e+00
170 169 -1.00000000000000e+00
170 171 -1.00000000000000e+00
170 203 -1.00000000000000e+00
171 171 4.00000000000000e+00
171 138 -1.00000000000000e+00
171 170 -1.00000000000000e+00
171 172 -1.00000000000000e+00
171 204 -1.00000000000000e+00
172 172 4.00000000000000e+00
172 139 -1.00000000000000e+00
172 171 -1.00000000000000e+00
172 173 -1.00000000000000e+00
172 205 -1.00000000000000e+00
173 173 4.00000000000000e+00
173 140 -1.00000000000000e+00
173 172 -1.00000000000000e+00
173 174 -1.00000000000000e+00
173 206 -1.00000000000000e+00
174 174 4.00000000000000e+00
174 141 -1.00000000000000e+00
174 173 -1.00000000000000e+00
174 175 -1.00000000000000e+00
174 207 -1.00000000000000e+00
175 175 4.00000000000000e+00
175 142 -1.00000000000000e+00
175 174 -1.00000000000000e+00
175 176 -1.00000000000000e+00
175 208 -1.00000000000000e+00
176 176 4.00000000000000e+00
176 143 -1.00000000000000e+00
176 175 -1.00000000000000e+00
176 177 -1.00000000000000e+00
176 209 -1.00000000000000e+00
177 177 4.00000000000000e+00
177 144 -1.00000000000000e+00
177 176 -1.00000000000000e+00
177 178 -1.00000000000000e+00
177 210 -1.00000000000000e+00
178 178 4.00000000000000e+00
178 145 -1.00000000000000e+00
178 177 -1.00000000000000e+00
178 179 -1.00000000000000e+00
178 211 -1.00000000000000e+00
179 179 4.00000000000000e+00
179 146 -1.00000000000000e+00
179 178 -1.00000000000000e+00
179 180 -1.00000000000000e+00
179 212 -1.00000000000000e+00
180 180 4.00000000000000e+00
180 147 -1.00000000000000e+00
180 179 -1.00000000000000e+00
180 181 -1.00000000000000e+00
180 213 -1.00000000000000e+00
181 181 4.00000000000000e+00
181 148 -1.00000000000000e+00
181 180 -1.00000000000000e+00
181 182 -1.00000000000000e+00
181 214 -1.00000000000000e+00
182 182 4.00000000000000e+00
182 149 -1.00000000000000e+00
182 181 -1.00000000000000e+00
182 183 -1.00000000000000e+00
182 215 -1.00000000000000e+00
183 183 4.00000000000000e+00
183 150 -1.00000000000000e+00
183 182 -1.00000000000000e+00
183 184 -1.00000000000000e+00
183 216 -1.00000000000000e+00
184 184 4.00000000000000e+00
184 151 -1.00000000000000e+00
184 183 -1.00000000000000e+00
184 185 -1.00000000000000e+00
184 217 -1.00000000000000e+00
185 185 4.00000000000000e+00
185 152 -1.00000000000000e+00
185 184 -1.00000000000000e+00
185 186 -1.00000000000000e+00
185 218 -1.00000000000000e+00
186 186 4.00000000000000e+00
186 153 -1.00000000000000e+00
186 185 -1.00000000000000e+00
186 187 -1.00000000000000e+00
186 219 -1.00000000000000e+00
187 187 4.00000000000000e+00
187 154 -1.00000000000000e+00
187 186 -1.00000000000000e+00
187 188 -1.00000000000000e+00
187 220 -1.00000000000000e+00
188 188 4.00000000000000e+00
188 155 -1.00000000000000e+00
188 187 -1.00000000000000e+00
188 189 -1.00000000000000e+00
188 221 -1.00000000000000e+00
189 189 4.00000000000000e+00
189 156 -1.00000000000000e+00
189 188 -1.00000000000000e+00
189 190 -1.00000000000000e+00
189 222 -1.00000000000000e+00
190 190 4.00000000000000e+00
190 157 -1.00000000000000e+00
190 189 -1.00000000000000e+00
190 191 -1.00000000000000e+00
190 223 -1.00000000000000e+00
191 191 4.00000000000000e+00
191 158 -1.00000000000000e+00
191 190 -1.00000000000000e+00
191 192 -1.00000000000000e+00
191 224 -1.00000000000000e+00
192 192 4.00000000000000e+00
192 159 -1.00000000000000e+00
192 191 -1.00000000000000e+00
192 193 -1.00000000000000e+00
192 225 -1.00000000000000e+00
193 193 4.00000000000000e+00
193 160 -1.00000000000000e+00
193 192 -1.00000000000000e+00
193 194 -1.00000000000000e+00
193 226 -1.00000000000000e+00
194 194 4.00000000000000e+00
194 161 -1.00000000000000e+00
194 193 -1.00000000000000e+00
194 195 -1.00000000000000e+00
194 227 -1.00000000000000e+00
195 195 4.00000000000000e+00
195 162 -1.00000000000000e+00
195 194 -1.00000000000000e+00
195 196 -1.00000000000000e+00
195 228 -1.00000000000000e+00
196 196 4.00000000000000e+00
196 163 -1.00000000000000e+00
196 195 -1.00000000000000e+00
196 197 -1.00000000000000e+00
196 229 -1.00000000000000e+00
197 197 4.00000000000000e+00
197 164 -1.00000000000000e+00
197 196 -1.00000000000000e+00
197 230 -1.00000000000000e+00
198 198 4.00000000000000e+00
198 165 -1.00000000000000e+00
198 199 -1.00000000000000e+00
198 231 -1.00000000000000e+00
199 199 4.00000000000000e+00
199 166 -1.00000000000000e+00
199 198 -1.00000000000000e+00
199 200 -1.00000000000000e+00
199 232 -1.00000000000000e+00
200 200 4.00000000000000e+00
200 167 -1.00000000000000e+00
200 199 -1.00000000000000e+00
200 201 -1.00000000000000e+00
200 233 -1.00000000000000e+00
201 201 4.00000000000000e+00
201 168 -1.00000000000000e+00
201 200 -1.00000000000000e+00
201 202 -1.00000000000000e+00
201 234 -1.00000000000000e+00
202 202 4.00000000000000e+00
202 169 -1.00000000000000e+00
202 201 -1.00000000000000e+00
202 203 -1.00000000000000e+00
202 235 -1.00000000000000e+00
203 203 4.00000000000000e+00
203 170 -1.00000000000000e+00
203 202 -1.00000000000000e+00
203 204 -1.00000000000000e+00
203 236 -1.00000000000000e+00
204 204 4.00000000000000e+00
204 171 -1.00000000000000e+00
204 203 -1.00000000000000e+00
204 205 -1.00000000000000e+00
204 237 -1.00000000000000e+00
205 205 4.00000000000000e+00
205 172 -1.00000000000000e+00
205 204 -1.00000000000000e+00
205 206 -1.00000000000000e+00
205 238 -1.00000000000000e+00
206 206 4.00000000000000e+00
206 173 -1.00000000000000e+00
206 205 -1.00000000000000e+00
206 207 -1.00000000000000e+00
206 239 -1.00000000000000e+00
207 207 4.00000000000000e+00
207 174 -1.00000000000000e+00
207 206 -1.00000000000000e+00
207 208 -1.00000000000000e+00
207 240 -1.00000000000000e+00
208 208 4.00000000000000e+00
208 175 -1.00000000000000e+00
208 207 -1.00000000000000e+00
208 209 -1.00000000000000e+00
208 241 -1.00000000000000e+00
209 209 4.00000000000000e+00
209 176 -1.00000000000000e+00
209 208 -1.00000000000000e+00
209 210 -1.00000000000000e+00
209 242 -1.00000000000000e+00
210 210 4.00000000000000e+00
210 177 -1.00000000000000e+00
210 209 -1.00000000000000e+00
210 211 -1.00000000000000e+00
210 243 -1.00000000000000e+00
211 211 4.00000000000000e+00
211 178 -1.00000000000000e+00
211 210 -1.00000000000000e+00
211 212 -1.00000000000000e+00
211 244 -1.00000000000000e+00
212 212 4.00000000000000e+00
212 179 -1.00000000000000e+00
212 211 -1.00000000000000e+00
212 213 -1.00000000000000e+00
212 245 -1.00000000000000e+00
213 213 4.00000000000000e+00
213 180 -1.00000000000000e+00
213 212 -1.00000000000000e+00
213 214 -1.00000000000000e+00
213 246 -1.00000000000000e+00
214 214 4.00000000000000e+00
214 181 -1.00000000000000e+00
214 213 -1.00000000000000e+00
214 215 -1.00000000000000e+00
214 247 -1.00000000000000e+00
215 215 4.00000000000000e+00
215 182 -1.00000000000000e+00
215 214 -1.00000000000000e+00
215 216 -1.00000000000000e+00
215 248 -1.00000000000000e+00
216 216 4.00000000000000e+00
216 183 -1.00000000000000e+00
216 215 -1.00000000000000e+00
216 217 -1.00000000000000e+00
216 249 -1.00000000000000e+00
217 217 4.00000000000000e+00
217 184 -1.00000000000000e+00
217 216 -1.00000000000000e+00
217 218 -1.00000000000000e+00
217 250 -1.00000000000000e+00
218 218 4.00000000000000e+00
218 185 -1.00000000000000e+00
218 217 -1.00000000000000e+00
218 219 -1.00000000000000e+00
218 251 -1.00000000000000e+00
219 219 4.00000000000000e+00
219 186 -1.00000000000000e+00
219 218 -1.00000000000000e+00
219 220 -1.00000000000000e+00
219 252 -1.00000000000000e+00
220 220 4.00000000000000e+00
220 187 -1.00000000000000e+00
220 219 -1.00000000000000e+00
220 221 -1.00000000000000e+00
220 253 -1.00000000000000e+00
221 221 4.00000000000000e+00
221 188 -1.00000000000000e+00
221 220 -1.00000000000000e+00
221 222 -1.00000000000000e+00
221 254 -1.00000000000000e+00
222 222 4.00000000000000e+00
222 189 -1.00000000000000e+00
222 221 -1.00000000000000e+00
222 223 -1.00000000000000e+00
222 255 -1.00000000000000e+00
223 223 4.00000000000000e+00
223 190 -1.00000000000000e+00
223 222 -1.00000000000000e+00
223 224 -1.00000000000000e+00
223 256 -1.00000000000000e+00
224 224 4.00000000000000e+00
224 191 -1.00000000000000e+00
224 223 -1.00000000000000e+00
224 225 -1.00000000000000e+00
224 257 -1.00000000000000e+00
225 225 4.00000000000000e+00
225 192 -1.00000000000000e+00
225 224 -1.00000000000000e+00
225 226 -1.00000000000000e+00
225 258 -1.00000000000000e+00
226 226 4.00000000000000e+00
226 193 -1.00000000000000e+00
226 225 -1.00000000000000e+00
226 227 -1.00000000000000e+00
226 259 -1.00000000000000e+00
227 227 4.00000000000000e+00
227 194 -1.00000000000000e+00
227 226 -1.00000000000000e+00
227 228 -1.00000000000000e+00
227 260 -1.00000000000000e+00
228 228 4.00000000000000e+00
228 195 -1.00000000000000e+00
228 227 -1.00000000000000e+00
228 229 -1.00000000000000e+00
228 261 -1.00000000000000e+00
229 229 4.00000000000000e+00
229 196 -1.00000000000000e+00
229 228 -1.00000000000000e+00
229 230 -1.00000000000000e+00
229 262 -1.00000000000000e+00
230 230 4.00000000000000e+00
230 197 -1.00000000000000e+00
230 229 -1.00000000000000e+00
230 263 -1.00000000000000e+00
231 231 4.00000000000000e+00
231 198 -1.00000000000000e+00
231 232 -1.00000000000000e+00
231 264 -1.00000000000000e+00
232 232 4.00000000000000e+00
232 199 -1.00000000000000e+00
232 231 -1.00000000000000e+00
232 233 -1.00000000000000e+00
232 265 -1.00000000000000e+00
233 233 4.00000000000000e+00
233 200 -1.00000000000000e+00
233 232 -1.00000000000000e+00
233 234 -1.00000000000000e+00
233 266 -1.00000000000000e+00
234 234 4.00000000000000e+00
234 201 -1.00000000000000e+00
234 233 -1.00000000000000e+00
234 235 -1.00000000000000e+00
234 267 -1.00000000000000e+00
235 235 4.00000000000000e+00
235 202 -1.00000000000000e+00
235 234 -1.00000000000000e+00
235 236 -1.00000000000000e+00
235 268 -1.00000000000000e+00
236 236 4.00000000000000e+00
236 203 -1.00000000000000e+00
236 235 -1.00000000000000e+00
236 237 -1.00000000000000e+00
236 269 -1.00000000000000e+00
237 237 4.00000000000000e+00
237 204 -1.00000000000000e+00
237 236 -1.00000000000000e+00
237 238 -1.00000000000000e+00
237 270 -1.00000000000000e+00
238 238 4.00000000000000e+00
238 205 -1.00000000000000e+00
238 237 -1.00000000000000e+00
238 239 -1.00000000000000e+00
238 271 -1.00000000000000e+00
239 239 4.00000000000000e+00
239 206 -1.00000000000000e+00
239 238 -1.00000000000000e+00
239 240 -1.00000000000000e+00
239 272 -1.00000000000000e+00
240 240 4.00000000000000e+00
240 207 -1.00000000000000e+00
240 239 -1.00000000000000e+00
240 241 -1.00000000000000e+00
240 273 -1.00000000000000e+00
241 241 4.00000000000000e+00
241 208 -1.00000000000000e+00
241 240 -1.00000000000000e+00
241 242 -1.00000000000000e+00
241 274 -1.00000000000000e+00
242 242 4.00000000000000e+00
242 209 -1.00000000000000e+00
242 241 -1.00000000000000e+00
242 243 -1.00000000000000e+00
242 275 -1.00000000000000e+00
243 243 4.00000000000000e+00
243 210 -1.00000000000000e+00
243 242 -1.00000000000000e+00
243 244 -1.00000000000000e+00
243 276 -1.00000000000000e+00
244 244 4.00000000000000e+00
244 211 -1.00000000000000e+00
244 243 -1.00000000000000e+00
244 245 -1.00000000000000e+00
244 277 -1.00000000000000e+00
245 245 4.00000000000000e+00
245 212 -1.00000000000000e+00
245 244 -1.00000000000000e+00
245 246 -1.00000000000000e+00
245 278 -1.00000000000000e+00
246 246 4.00000000000000e+00
246 213 -1.00000000000000e+00
246 245 -1.00000000000000e+00
246 247 -1.00000000000000e+00
246 279 -1.00000000000000e+00
247 247 4.00000000000000e+00
247 214 -1.00000000000000e+00
247 246 -1.00000000000000e+00
247 248 -1.00000000000000e+00
247 280 -1.00000000000000e+00
248 248 4.00000000000000e+00
248 215 -1.00000000000000e+00
248 247 -1.00000000000000e+00
248 249 -1.00000000000000e+00
248 281 -1.00000000000000e+00
249 249 4.00000000000000e+00
249 216 -1.00000000000000e+00
249 248 -1.00000000000000e+00
249 250 -1.00000000000000e+00
249 282 -1.00000000000000e+00
250 250 4.00000000000000e+00
250 217 -1.00000000000000e+00
250 249 -1.00000000000000e+00
250 251 -1.00000000000000e+00
250 283 -1.00000000000000e+00
251 251 4.00000000000000e+00
251 218 -1.00000000000000e+00
251 250 -1.00000000000000e+00
251 252 -1.00000000000000e+00
251 284 -1.00000000000000e+00
252 252 4.00000000000000e+00
252 219 -1.00000000000000e+00
252 251 -1.00000000000000e+00
252 253 -1.00000000000000e+00
252 285 -1.00000000000000e+00
253 253 4.00000000000000e+00
253 220 -1.00000000000000e+00
253 252 -1.00000000000000e+00
253 254 -1.00000000000000e+00
253 286 -1.00000000000000e+00
254 254 4.00000000000000e+00
254 221 -1.00000000000000e+00
254 253 -1.00000000000000e+00
254 255 -1.00000000000000e+00
254 287 -1.00000000000000e+00
255 255 4.00000000000000e+00
255 222 -1.00000000000000e+00
255 254 -1.00000000000000e+00
255 256 -1.00000000000000e+00
255 288 -1.00000000000000e+00
256 256 4.00000000000000e+00
256 223 -1.00000000000000e+00
256 255 -1.00000000000000e+00
256 257 -1.00000000000000e+00
256 289 -1.00000000000000e+00
257 257 4.00000000000000e+00
257 224 -1.00000000000000e+00
257 256 -1.00000000000000e+00
257 258 -1.00000000000000e+00
257 290 -1.00000000000000e+00
258 258 4.00000000000000e+00
258 225 -1.00000000000000e+00
258 257 -1.00000000000000e+00
258 259 -1.00000000000000e+00
258 291 -1.00000000000000e+00
259 259 4.00000000000000e+00
259 226 -1.00000000000000e+00
259 258 -1.00000000000000e+00
259 260 -1.00000000000000e+00
259 292 -1.00000000000000e+00
260 260 4.00000000000000e+00
260 227 -1.00000000000000e+00
260 259 -1.00000000000000e+00
260 261 -1.00000000000000e+00
260 293 -1.00000000000000e+00
261 261 4.00000000000000e+00
261 228 -1.00000000000000e+00
261 260 -1.00000000000000e+00
261 262 -1.00000000000000e+00
261 294 -1.00000000000000e+00
262 262 4.00000000000000e+00
262 229 -1.00000000000000e+00
262 261 -1.00000000000000e+00
262 263 -1.00000000000000e+00
262 295 -1.00000000000000e+00
263 263 4.00000000000000e+00
263 230 -1.00000000000000e+00
263 262 -1.00000000000000e+00
263 296 -1.00000000000000e+00
264 264 4.00000000000000e+00
264 231 -1.00000000000000e+00
264 265 -1.00000000000000e+00
264 297 -1.00000000000000e+00
265 265 4.00000000000000e+00
265 232 -1.00000000000000e+00
265 264 -1.00000000000000e+00
265 266 -1.00000000000000e+00
265 298 -1.00000000000000e+00
266 266 4.00000000000000e+00
266 233 -1.00000000000000e+00
266 265 -1.00000000000000e+00
266 267 -1.00000000000000e+00
266 299 -1.00000000000000e+00
267 267 4.00000000000000e+00
267 234 -1.00000000000000e+00
267 266 -1.00000000000000e+00
267 268 -1.00000000000000e+00
267 300 -1.00000000000000e+00
268 268 4.00000000000000e+00
268 235 -1.00000000000000e+00
268 267 -1.00000000000000e+00
268 269 -1.00000000000000e+00
268 301 -1.00000000000000e+00
269 269 4.00000000000000e+00
269 236 -1.00000000000000e+00
269 268 -1.00000000000000e+00
269 270 -1.00000000000000e+00
269 302 -1.00000000000000e+00
270 270 4.00000000000000e+00
270 237 -1.00000000000000e+00
270 269 -1.00000000000000e+00
270 271 -1.00000000000000e+00
270 303 -1.00000000000000e+00
271 271 4.00000000000000e+00
271 238 -1.00000000000000e+00
271 270 -1.00000000000000e+00
271 272 -1.00000000000000e+00
271 304 -1.00000000000000e+00
272 272 4.00000000000000e+00
272 239 -1.00000000000000e+00
272 271 -1.00000000000000e+00
272 273 -1.00000000000000e+00
272 305 -1.00000000000000e+00
