0 272
0 8.65051903114187e-04
1 8.65051903114187e-04
2 8.65051903114187e-04
3 8.65051903114187e-04
4 8.65051903114187e-04
5 8.65051903114187e-04
6 8.65051903114187e-04
7 8.65051903114187e-04
8 8.65051903114187e-04
9 8.65051903114187e-04
10 8.65051903114187e-04
11 8.65051903114187e-04
12 8.65051903114187e-04
13 8.65051903114187e-04
14 8.65051903114187e-04
15 8.65051903114187e-04
16 8.65051903114187e-04
17 8.65051903114187e-04
18 8.65051903114187e-04
19 8.65051903114187e-04
20 8.65051903114187e-04
21 8.65051903114187e-04
22 8.65051903114187e-04
23 8.65051903114187e-04
24 8.65051903114187e-04
25 8.65051903114187e-04
26 8.65051903114187e-04
27 8.65051903114187e-04
28 8.65051903114187e-04
29 8.65051903114187e-04
30 8.65051903114187e-04
31 8.65051903114187e-04
32 8.65051903114187e-04
33 8.65051903114187e-04
34 8.65051903114187e-04
35 8.65051903114187e-04
36 8.65051903114187e-04
37 8.65051903114187e-04
38 8.65051903114187e-04
39 8.65051903114187e-04
40 8.65051903114187e-04
41 8.65051903114187e-04
42 8.65051903114187e-04
43 8.65051903114187e-04
44 8.65051903114187e-04
45 8.65051903114187e-04
46 8.65051903114187e-04
47 8.65051903114187e-04
48 8.65051903114187e-04
49 8.65051903114187e-04
50 8.65051903114187e-04
51 8.65051903114187e-04
52 8.65051903114187e-04
53 8.65051903114187e-04
54 8.65051903114187e-04
55 8.65051903114187e-04
56 8.65051903114187e-04
57 8.65051903114187e-04
58 8.65051903114187e-04
59 8.65051903114187e-04
60 8.65051903114187e-04
61 8.65051903114187e-04
62 8.65051903114187e-04
63 8.65051903114187e-04
64 8.65051903114187e-04
65 8.65051903114187e-04
66 8.65051903114187e-04
67 8.65051903114187e-04
68 8.65051903114187e-04
69 8.65051903114187e-04
70 8.65051903114187e-04
71 8.65051903114187e-04
72 8.65051903114187e-04
73 8.65051903114187e-04
74 8.65051903114187e-04
75 8.65051903114187e-04
76 8.65051903114187e-04
77 8.65051903114187e-04
78 8.65051903114187e-04
79 8.65051903114187e-04
80 8.65051903114187e-04
81 8.65051903114187e-04
82 8.65051903114187e-04
83 8.65051903114187e-04
84 8.65051903114187e-04
85 8.65051903114187e-04
86 8.65051903114187e-04
87 8.65051903114187e-04
88 8.65051903114187e-04
89 8.65051903114187e-04
90 8.65051903114187e-04
91 8.65051903114187e-04
92 8.65051903114187e-04
93 8.65051903114187e-04
94 8.65051903114187e-04
95 8.65051903114187e-04
96 8.65051903114187e-04
97 8.65051903114187e-04
98 8.65051903114187e-04
99 8.65051903114187e-04
100 8.65051903114187e-04
101 8.65051903114187e-04
102 8.65051903114187e-04
103 8.65051903114187e-04
104 8.65051903114187e-04
105 8.65051903114187e-04
106 8.65051903114187e-04
107 8.65051903114187e-04
108 8.65051903114187e-04
109 8.65051903114187e-04
110 8.65051903114187e-04
111 8.65051903114187e-04
112 8.65051903114187e-04
113 8.65051903114187e-04
114 8.65051903114187e-04
115 8.65051903114187e-04
116 8.65051903114187e-04
117 8.65051903114187e-04
118 8.65051903114187e-04
119 8.65051903114187e-04
120 8.65051903114187e-04
121 8.65051903114187e-04
122 8.65051903114187e-04
123 8.65051903114187e-04
124 8.65051903114187e-04
125 8.65051903114187e-04
126 8.65051903114187e-04
127 8.65051903114187e-04
128 8.65051903114187e-04
129 8.65051903114187e-04
130 8.65051903114187e-04
131 8.65051903114187e-04
132 8.65051903114187e-04
133 8.65051903114187e-04
134 8.65051903114187e-04
135 8.65051903114187e-04
136 8.65051903114187e-04
137 8.65051903114187e-04
138 8.65051903114187e-04
139 8.65051903114187e-04
140 8.65051903114187e-04
141 8.65051903114187e-04
142 8.65051903114187e-04
143 8.65051903114187e-04
144 8.65051903114187e-04
145 8.65051903114187e-04
146 8.65051903114187e-04
147 8.65051903114187e-04
148 8.65051903114187e-04
149 8.65051903114187e-04
150 8.65051903114187e-04
151 8.65051903114187e-04
152 8.65051903114187e-04
153 8.65051903114187e-04
154 8.65051903114187e-04
155 8.65051903114187e-04
156 8.65051903114187e-04
157 8.65051903114187e-04
158 8.65051903114187e-04
159 8.65051903114187e-04
160 8.65051903114187e-04
161 8.65051903114187e-04
162 8.65051903114187e-04
163 8.65051903114187e-04
164 8.65051903114187e-04
165 8.65051903114187e-04
166 8.65051903114187e-04
167 8.65051903114187e-04
168 8.65051903114187e-04
169 8.65051903114187e-04
170 8.65051903114187e-04
171 8.65051903114187e-04
172 8.65051903114187e-04
173 8.65051903114187e-04
174 8.65051903114187e-04
175 8.65051903114187e-04
176 8.65051903114187e-04
177 8.65051903114187e-04
178 8.65051903114187e-04
179 8.65051903114187e-04
180 8.65051903114187e-04
181 8.65051903114187e-04
182 8.65051903114187e-04
183 8.65051903114187e-04
184 8.65051903114187e-04
185 8.65051903114187e-04
186 8.65051903114187e-04
187 8.65051903114187e-04
188 8.65051903114187e-04
189 8.65051903114187e-04
190 8.65051903114187e-04
191 8.65051903114187e-04
192 8.65051903114187e-04
193 8.65051903114187e-04
194 8.65051903114187e-04
195 8.65051903114187e-04
196 8.65051903114187e-04
197 8.65051903114187e-04
198 8.65051903114187e-04
199 8.65051903114187e-04
200 8.65051903114187e-04
201 8.65051903114187e-04
202 8.65051903114187e-04
203 8.65051903114187e-04
204 8.65051903114187e-04
205 8.65051903114187e-04
206 8.65051903114187e-04
207 8.65051903114187e-04
208 8.65051903114187e-04
209 8.65051903114187e-04
210 8.65051903114187e-04
211 8.65051903114187e-04
212 8.65051903114187e-04
213 8.65051903114187e-04
214 8.65051903114187e-04
215 8.65051903114187e-04
216 8.65051903114187e-04
217 8.65051903114187e-04
218 8.65051903114187e-04
219 8.65051903114187e-04
220 8.65051903114187e-04
221 8.65051903114187e-04
222 8.65051903114187e-04
223 8.65051903114187e-04
224 8.65051903114187e-04
225 8.65051903114187e-04
226 8.65051903114187e-04
227 8.65051903114187e-04
228 8.65051903114187e-04
229 8.65051903114187e-04
230 8.65051903114187e-04
231 8.65051903114187e-04
232 8.65051903114187e-04
233 8.65051903114187e-04
234 8.65051903114187e-04
235 8.65051903114187e-04
236 8.65051903114187e-04
237 8.65051903114187e-04
238 8.65051903114187e-04
239 8.65051903114187e-04
240 8.65051903114187e-04
241 8.65051903114187e-04
242 8.65051903114187e-04
243 8.65051903114187e-04
244 8.65051903114187e-04
245 8.65051903114187e-04
246 8.65051903114187e-04
247 8.65051903114187e-04
248 8.65051903114187e-04
249 8.65051903114187e-04
250 8.65051903114187e-04
251 8.65051903114187e-04
252 8.65051903114187e-04
253 8.65051903114187e-04
254 8.65051903114187e-04
255 8.65051903114187e-04
256 8.65051903114187e-04
257 8.65051903114187e-04
258 8.65051903114187e-04
259 8.65051903114187e-04
260 8.65051903114187e-04
261 8.65051903114187e-04
262 8.65051903114187e-04
263 8.65051903114187e-04
264 8.65051903114187e-04
265 8.65051903114187e-04
266 8.65051903114187e-04
267 8.65051903114187e-04
268 8.65051903114187e-04
269 8.65051903114187e-04
270 8.65051903114187e-04
271 8.65051903114187e-04
272 8.65051903114187e-04
