817 1088
817 8.65051903114187e-04
818 8.65051903114187e-04
819 8.65051903114187e-04
820 8.65051903114187e-04
821 8.65051903114187e-04
822 8.65051903114187e-04
823 8.65051903114187e-04
824 8.65051903114187e-04
825 8.65051903114187e-04
826 8.65051903114187e-04
827 8.65051903114187e-04
828 8.65051903114187e-04
829 8.65051903114187e-04
830 8.65051903114187e-04
831 8.65051903114187e-04
832 8.65051903114187e-04
833 8.65051903114187e-04
834 8.65051903114187e-04
835 8.65051903114187e-04
836 8.65051903114187e-04
837 8.65051903114187e-04
838 8.65051903114187e-04
839 8.65051903114187e-04
840 8.65051903114187e-04
841 8.65051903114187e-04
842 8.65051903114187e-04
843 8.65051903114187e-04
844 8.65051903114187e-04
845 8.65051903114187e-04
846 8.65051903114187e-04
847 8.65051903114187e-04
848 8.65051903114187e-04
849 8.65051903114187e-04
850 8.65051903114187e-04
851 8.65051903114187e-04
852 8.65051903114187e-04
853 8.65051903114187e-04
854 8.65051903114187e-04
855 8.65051903114187e-04
856 8.65051903114187e-04
857 8.65051903114187e-04
858 8.65051903114187e-04
859 8.65051903114187e-04
860 8.65051903114187e-04
861 8.65051903114187e-04
862 8.65051903114187e-04
863 8.65051903114187e-04
864 8.65051903114187e-04
865 8.65051903114187e-04
866 8.65051903114187e-04
867 8.65051903114187e-04
868 8.65051903114187e-04
869 8.65051903114187e-04
870 8.65051903114187e-04
871 8.65051903114187e-04
872 8.65051903114187e-04
873 8.65051903114187e-04
874 8.65051903114187e-04
875 8.65051903114187e-04
876 8.65051903114187e-04
877 8.65051903114187e-04
878 8.65051903114187e-04
879 8.65051903114187e-04
880 8.65051903114187e-04
881 8.65051903114187e-04
882 8.65051903114187e-04
883 8.65051903114187e-04
884 8.65051903114187e-04
885 8.65051903114187e-04
886 8.65051903114187e-04
887 8.65051903114187e-04
888 8.65051903114187e-04
889 8.65051903114187e-04
890 8.65051903114187e-04
891 8.65051903114187e-04
892 8.65051903114187e-04
893 8.65051903114187e-04
894 8.65051903114187e-04
895 8.65051903114187e-04
896 8.65051903114187e-04
897 8.65051903114187e-04
898 8.65051903114187e-04
899 8.65051903114187e-04
900 8.65051903114187e-04
901 8.65051903114187e-04
902 8.65051903114187e-04
903 8.65051903114187e-04
904 8.65051903114187e-04
905 8.65051903114187e-04
906 8.65051903114187e-04
907 8.65051903114187e-04
908 8.65051903114187e-04
909 8.65051903114187e-04
910 8.65051903114187e-04
911 8.65051903114187e-04
912 8.65051903114187e-04
913 8.65051903114187e-04
914 8.65051903114187e-04
915 8.65051903114187e-04
916 8.65051903114187e-04
917 8.65051903114187e-04
918 8.65051903114187e-04
919 8.65051903114187e-04
920 8.65051903114187e-04
921 8.65051903114187e-04
922 8.65051903114187e-04
923 8.65051903114187e-04
924 8.65051903114187e-04
925 8.65051903114187e-04
926 8.65051903114187e-04
927 8.65051903114187e-04
928 8.65051903114187e-04
929 8.65051903114187e-04
930 8.65051903114187e-04
931 8.65051903114187e-04
932 8.65051903114187e-04
933 8.65051903114187e-04
934 8.65051903114187e-04
935 8.65051903114187e-04
936 8.65051903114187e-04
937 8.65051903114187e-04
938 8.65051903114187e-04
939 8.65051903114187e-04
940 8.65051903114187e-04
941 8.65051903114187e-04
942 8.65051903114187e-04
943 8.65051903114187e-04
944 8.65051903114187e-04
945 8.65051903114187e-04
946 8.65051903114187e-04
947 8.65051903114187e-04
948 8.65051903114187e-04
949 8.65051903114187e-04
950 8.65051903114187e-04
951 8.65051903114187e-04
952 8.65051903114187e-04
953 8.65051903114187e-04
954 8.65051903114187e-04
955 8.65051903114187e-04
956 8.65051903114187e-04
957 8.65051903114187e-04
958 8.65051903114187e-04
959 8.65051903114187e-04
960 8.65051903114187e-04
961 8.65051903114187e-04
962 8.65051903114187e-04
963 8.65051903114187e-04
964 8.65051903114187e-04
965 8.65051903114187e-04
966 8.65051903114187e-04
967 8.65051903114187e-04
968 8.65051903114187e-04
969 8.65051903114187e-04
970 8.65051903114187e-04
971 8.65051903114187e-04
972 8.65051903114187e-04
973 8.65051903114187e-04
974 8.65051903114187e-04
975 8.65051903114187e-04
976 8.65051903114187e-04
977 8.65051903114187e-04
978 8.65051903114187e-04
979 8.65051903114187e-04
980 8.65051903114187e-04
981 8.65051903114187e-04
982 8.65051903114187e-04
983 8.65051903114187e-04
984 8.65051903114187e-04
985 8.65051903114187e-04
986 8.65051903114187e-04
987 8.65051903114187e-04
988 8.65051903114187e-04
989 8.65051903114187e-04
990 8.65051903114187e-04
991 8.65051903114187e-04
992 8.65051903114187e-04
993 8.65051903114187e-04
994 8.65051903114187e-04
995 8.65051903114187e-04
996 8.65051903114187e-04
997 8.65051903114187e-04
998 8.65051903114187e-04
999 8.65051903114187e-04
1000 8.65051903114187e-04
1001 8.65051903114187e-04
1002 8.65051903114187e-04
1003 8.65051903114187e-04
1004 8.65051903114187e-04
1005 8.65051903114187e-04
1006 8.65051903114187e-04
1007 8.65051903114187e-04
1008 8.65051903114187e-04
1009 8.65051903114187e-04
1010 8.65051903114187e-04
1011 8.65051903114187e-04
1012 8.65051903114187e-04
1013 8.65051903114187e-04
1014 8.65051903114187e-04
1015 8.65051903114187e-04
1016 8.65051903114187e-04
1017 8.65051903114187e-04
1018 8.65051903114187e-04
1019 8.65051903114187e-04
1020 8.65051903114187e-04
1021 8.65051903114187e-04
1022 8.65051903114187e-04
1023 8.65051903114187e-04
1024 8.65051903114187e-04
1025 8.65051903114187e-04
1026 8.65051903114187e-04
1027 8.65051903114187e-04
1028 8.65051903114187e-04
1029 8.65051903114187e-04
1030 8.65051903114187e-04
1031 8.65051903114187e-04
1032 8.65051903114187e-04
1033 8.65051903114187e-04
1034 8.65051903114187e-04
1035 8.65051903114187e-04
1036 8.65051903114187e-04
1037 8.65051903114187e-04
1038 8.65051903114187e-04
1039 8.65051903114187e-04
1040 8.65051903114187e-04
1041 8.65051903114187e-04
1042 8.65051903114187e-04
1043 8.65051903114187e-04
1044 8.65051903114187e-04
1045 8.65051903114187e-04
1046 8.65051903114187e-04
1047 8.65051903114187e-04
1048 8.65051903114187e-04
1049 8.65051903114187e-04
1050 8.65051903114187e-04
1051 8.65051903114187e-04
1052 8.65051903114187e-04
1053 8.65051903114187e-04
1054 8.65051903114187e-04
1055 8.65051903114187e-04
1056 8.65051903114187e-04
1057 8.65051903114187e-04
1058 8.65051903114187e-04
1059 8.65051903114187e-04
1060 8.65051903114187e-04
1061 8.65051903114187e-04
1062 8.65051903114187e-04
1063 8.65051903114187e-04
1064 8.65051903114187e-04
1065 8.65051903114187e-04
1066 8.65051903114187e-04
1067 8.65051903114187e-04
1068 8.65051903114187e-04
1069 8.65051903114187e-04
1070 8.65051903114187e-04
1071 8.65051903114187e-04
1072 8.65051903114187e-04
1073 8.65051903114187e-04
1074 8.65051903114187e-04
1075 8.65051903114187e-04
1076 8.65051903114187e-04
1077 8.65051903114187e-04
1078 8.65051903114187e-04
1079 8.65051903114187e-04
1080 8.65051903114187e-04
1081 8.65051903114187e-04
1082 8.65051903114187e-04
1083 8.65051903114187e-04
1084 8.65051903114187e-04
1085 8.65051903114187e-04
1086 8.65051903114187e-04
1087 8.65051903114187e-04
1088 8.65051903114187e-04
