545 816
545 8.65051903114187e-04
546 8.65051903114187e-04
547 8.65051903114187e-04
548 8.65051903114187e-04
549 8.65051903114187e-04
550 8.65051903114187e-04
551 8.65051903114187e-04
552 8.65051903114187e-04
553 8.65051903114187e-04
554 8.65051903114187e-04
555 8.65051903114187e-04
556 8.65051903114187e-04
557 8.65051903114187e-04
558 8.65051903114187e-04
559 8.65051903114187e-04
560 8.65051903114187e-04
561 8.65051903114187e-04
562 8.65051903114187e-04
563 8.65051903114187e-04
564 8.65051903114187e-04
565 8.65051903114187e-04
566 8.65051903114187e-04
567 8.65051903114187e-04
568 8.65051903114187e-04
569 8.65051903114187e-04
570 8.65051903114187e-04
571 8.65051903114187e-04
572 8.65051903114187e-04
573 8.65051903114187e-04
574 8.65051903114187e-04
575 8.65051903114187e-04
576 8.65051903114187e-04
577 8.65051903114187e-04
578 8.65051903114187e-04
579 8.65051903114187e-04
580 8.65051903114187e-04
581 8.65051903114187e-04
582 8.65051903114187e-04
583 8.65051903114187e-04
584 8.65051903114187e-04
585 8.65051903114187e-04
586 8.65051903114187e-04
587 8.65051903114187e-04
588 8.65051903114187e-04
589 8.65051903114187e-04
590 8.65051903114187e-04
591 8.65051903114187e-04
592 8.65051903114187e-04
593 8.65051903114187e-04
594 8.65051903114187e-04
595 8.65051903114187e-04
596 8.65051903114187e-04
597 8.65051903114187e-04
598 8.65051903114187e-04
599 8.65051903114187e-04
600 8.65051903114187e-04
601 8.65051903114187e-04
602 8.65051903114187e-04
603 8.65051903114187e-04
604 8.65051903114187e-04
605 8.65051903114187e-04
606 8.65051903114187e-04
607 8.65051903114187e-04
608 8.65051903114187e-04
609 8.65051903114187e-04
610 8.65051903114187e-04
611 8.65051903114187e-04
612 8.65051903114187e-04
613 8.65051903114187e-04
614 8.65051903114187e-04
615 8.65051903114187e-04
616 8.65051903114187e-04
617 8.65051903114187e-04
618 8.65051903114187e-04
619 8.65051903114187e-04
620 8.65051903114187e-04
621 8.65051903114187e-04
622 8.65051903114187e-04
623 8.65051903114187e-04
624 8.65051903114187e-04
625 8.65051903114187e-04
626 8.65051903114187e-04
627 8.65051903114187e-04
628 8.65051903114187e-04
629 8.65051903114187e-04
630 8.65051903114187e-04
631 8.65051903114187e-04
632 8.65051903114187e-04
633 8.65051903114187e-04
634 8.65051903114187e-04
635 8.65051903114187e-04
636 8.65051903114187e-04
637 8.65051903114187e-04
638 8.65051903114187e-04
639 8.65051903114187e-04
640 8.65051903114187e-04
641 8.65051903114187e-04
642 8.65051903114187e-04
643 8.65051903114187e-04
644 8.65051903114187e-04
645 8.65051903114187e-04
646 8.65051903114187e-04
647 8.65051903114187e-04
648 8.65051903114187e-04
649 8.65051903114187e-04
650 8.65051903114187e-04
651 8.65051903114187e-04
652 8.65051903114187e-04
653 8.65051903114187e-04
654 8.65051903114187e-04
655 8.65051903114187e-04
656 8.65051903114187e-04
657 8.65051903114187e-04
658 8.65051903114187e-04
659 8.65051903114187e-04
660 8.65051903114187e-04
661 8.65051903114187e-04
662 8.65051903114187e-04
663 8.65051903114187e-04
664 8.65051903114187e-04
665 8.65051903114187e-04
666 8.65051903114187e-04
667 8.65051903114187e-04
668 8.65051903114187e-04
669 8.65051903114187e-04
670 8.65051903114187e-04
671 8.65051903114187e-04
672 8.65051903114187e-04
673 8.65051903114187e-04
674 8.65051903114187e-04
675 8.65051903114187e-04
676 8.65051903114187e-04
677 8.65051903114187e-04
678 8.65051903114187e-04
679 8.65051903114187e-04
680 8.65051903114187e-04
681 8.65051903114187e-04
682 8.65051903114187e-04
683 8.65051903114187e-04
684 8.65051903114187e-04
685 8.65051903114187e-04
686 8.65051903114187e-04
687 8.65051903114187e-04
688 8.65051903114187e-04
689 8.65051903114187e-04
690 8.65051903114187e-04
691 8.65051903114187e-04
692 8.65051903114187e-04
693 8.65051903114187e-04
694 8.65051903114187e-04
695 8.65051903114187e-04
696 8.65051903114187e-04
697 8.65051903114187e-04
698 8.65051903114187e-04
699 8.65051903114187e-04
700 8.65051903114187e-04
701 8.65051903114187e-04
702 8.65051903114187e-04
703 8.65051903114187e-04
704 8.65051903114187e-04
705 8.65051903114187e-04
706 8.65051903114187e-04
707 8.65051903114187e-04
708 8.65051903114187e-04
709 8.65051903114187e-04
710 8.65051903114187e-04
711 8.65051903114187e-04
712 8.65051903114187e-04
713 8.65051903114187e-04
714 8.65051903114187e-04
715 8.65051903114187e-04
716 8.65051903114187e-04
717 8.65051903114187e-04
718 8.65051903114187e-04
719 8.65051903114187e-04
720 8.65051903114187e-04
721 8.65051903114187e-04
722 8.65051903114187e-04
723 8.65051903114187e-04
724 8.65051903114187e-04
725 8.65051903114187e-04
726 8.65051903114187e-04
727 8.65051903114187e-04
728 8.65051903114187e-04
729 8.65051903114187e-04
730 8.65051903114187e-04
731 8.65051903114187e-04
732 8.65051903114187e-04
733 8.65051903114187e-04
734 8.65051903114187e-04
735 8.65051903114187e-04
736 8.65051903114187e-04
737 8.65051903114187e-04
738 8.65051903114187e-04
739 8.65051903114187e-04
740 8.65051903114187e-04
741 8.65051903114187e-04
742 8.65051903114187e-04
743 8.65051903114187e-04
744 8.65051903114187e-04
745 8.65051903114187e-04
746 8.65051903114187e-04
747 8.65051903114187e-04
748 8.65051903114187e-04
749 8.65051903114187e-04
750 8.65051903114187e-04
751 8.65051903114187e-04
752 8.65051903114187e-04
753 8.65051903114187e-04
754 8.65051903114187e-04
755 8.65051903114187e-04
756 8.65051903114187e-04
757 8.65051903114187e-04
758 8.65051903114187e-04
759 8.65051903114187e-04
760 8.65051903114187e-04
761 8.65051903114187e-04
762 8.65051903114187e-04
763 8.65051903114187e-04
764 8.65051903114187e-04
765 8.65051903114187e-04
766 8.65051903114187e-04
767 8.65051903114187e-04
768 8.65051903114187e-04
769 8.65051903114187e-04
770 8.65051903114187e-04
771 8.65051903114187e-04
772 8.65051903114187e-04
773 8.65051903114187e-04
774 8.65051903114187e-04
775 8.65051903114187e-04
776 8.65051903114187e-04
777 8.65051903114187e-04
778 8.65051903114187e-04
779 8.65051903114187e-04
780 8.65051903114187e-04
781 8.65051903114187e-04
782 8.65051903114187e-04
783 8.65051903114187e-04
784 8.65051903114187e-04
785 8.65051903114187e-04
786 8.65051903114187e-04
787 8.65051903114187e-04
788 8.65051903114187e-04
789 8.65051903114187e-04
790 8.65051903114187e-04
791 8.65051903114187e-04
792 8.65051903114187e-04
793 8.65051903114187e-04
794 8.65051903114187e-04
795 8.65051903114187e-04
796 8.65051903114187e-04
797 8.65051903114187e-04
798 8.65051903114187e-04
799 8.65051903114187e-04
800 8.65051903114187e-04
801 8.65051903114187e-04
802 8.65051903114187e-04
803 8.65051903114187e-04
804 8.65051903114187e-04
805 8.65051903114187e-04
806 8.65051903114187e-04
807 8.65051903114187e-04
808 8.65051903114187e-04
809 8.65051903114187e-04
810 8.65051903114187e-04
811 8.65051903114187e-04
812 8.65051903114187e-04
813 8.65051903114187e-04
814 8.65051903114187e-04
815 8.65051903114187e-04
816 8.65051903114187e-04
