273 544 273 544
273 273 4.00000000000000e+00
273 274 -1.00000000000000e+00
273 306 -1.00000000000000e+00
273 240 -1.00000000000000e+00
273 272 -1.00000000000000e+00
274 274 4.00000000000000e+00
274 273 -1.00000000000000e+00
274 275 -1.00000000000000e+00
274 307 -1.00000000000000e+00
274 241 -1.00000000000000e+00
275 275 4.00000000000000e+00
275 274 -1.00000000000000e+00
275 276 -1.00000000000000e+00
275 308 -1.00000000000000e+00
275 242 -1.00000000000000e+00
276 276 4.00000000000000e+00
276 275 -1.00000000000000e+00
276 277 -1.00000000000000e+00
276 309 -1.00000000000000e+00
276 243 -1.00000000000000e+00
277 277 4.00000000000000e+00
277 276 -1.00000000000000e+00
277 278 -1.00000000000000e+00
277 310 -1.00000000000000e+00
277 244 -1.00000000000000e+00
278 278 4.00000000000000e+00
278 277 -1.00000000000000e+00
278 279 -1.00000000000000e+00
278 311 -1.00000000000000e+00
278 245 -1.00000000000000e+00
279 279 4.00000000000000e+00
279 278 -1.00000000000000e+00
279 280 -1.00000000000000e+00
279 312 -1.00000000000000e+00
279 246 -1.00000000000000e+00
280 280 4.00000000000000e+00
280 279 -1.00000000000000e+00
280 281 -1.00000000000000e+00
280 313 -1.00000000000000e+00
280 247 -1.00000000000000e+00
281 281 4.00000000000000e+00
281 280 -1.00000000000000e+00
281 282 -1.00000000000000e+00
281 314 -1.00000000000000e+00
281 248 -1.00000000000000e+00
282 282 4.00000000000000e+00
282 281 -1.00000000000000e+00
282 283 -1.00000000000000e+00
282 315 -1.00000000000000e+00
282 249 -1.00000000000000e+00
283 283 4.00000000000000e+00
283 282 -1.00000000000000e+00
283 284 -1.00000000000000e+00
283 316 -1.00000000000000e+00
283 250 -1.00000000000000e+00
284 284 4.00000000000000e+00
284 283 -1.00000000000000e+00
284 285 -1.00000000000000e+00
284 317 -1.00000000000000e+00
284 251 -1.00000000000000e+00
285 285 4.00000000000000e+00
285 284 -1.00000000000000e+00
285 286 -1.00000000000000e+00
285 318 -1.00000000000000e+00
285 252 -1.00000000000000e+00
286 286 4.00000000000000e+00
286 285 -1.00000000000000e+00
286 287 -1.00000000000000e+00
286 319 -1.00000000000000e+00
286 253 -1.00000000000000e+00
287 287 4.00000000000000e+00
287 286 -1.00000000000000e+00
287 288 -1.00000000000000e+00
287 320 -1.00000000000000e+00
287 254 -1.00000000000000e+00
288 288 4.00000000000000e+00
288 287 -1.00000000000000e+00
288 289 -1.00000000000000e+00
288 321 -1.00000000000000e+00
288 255 -1.00000000000000e+00
289 289 4.00000000000000e+00
289 288 -1.00000000000000e+00
289 290 -1.00000000000000e+00
289 322 -1.00000000000000e+00
289 256 -1.00000000000000e+00
290 290 4.00000000000000e+00
290 289 -1.00000000000000e+00
290 291 -1.00000000000000e+00
290 323 -1.00000000000000e+00
290 257 -1.00000000000000e+00
291 291 4.00000000000000e+00
291 290 -1.00000000000000e+00
291 292 -1.00000000000000e+00
291 324 -1.00000000000000e+00
291 258 -1.00000000000000e+00
292 292 4.00000000000000e+00
292 291 -1.00000000000000e+00
292 293 -1.00000000000000e+00
292 325 -1.00000000000000e+00
292 259 -1.00000000000000e+00
293 293 4.00000000000000e+00
293 292 -1.00000000000000e+00
293 294 -1.00000000000000e+00
293 326 -1.00000000000000e+00
293 260 -1.00000000000000e+00
294 294 4.00000000000000e+00
294 293 -1.00000000000000e+00
294 295 -1.00000000000000e+00
294 327 -1.00000000000000e+00
294 261 -1.00000000000000e+00
295 295 4.00000000000000e+00
295 294 -1.00000000000000e+00
295 296 -1.00000000000000e+00
295 328 -1.00000000000000e+00
295 262 -1.00000000000000e+00
296 296 4.00000000000000e+00
296 295 -1.00000000000000e+00
296 329 -1.00000000000000e+00
296 263 -1.00000000000000e+00
297 297 4.00000000000000e+00
297 298 -1.00000000000000e+00
297 330 -1.00000000000000e+00
297 264 -1.00000000000000e+00
298 298 4.00000000000000e+00
298 297 -1.00000000000000e+00
298 299 -1.00000000000000e+00
298 331 -1.00000000000000e+00
298 265 -1.00000000000000e+00
299 299 4.00000000000000e+00
299 298 -1.00000000000000e+00
299 300 -1.00000000000000e+00
299 332 -1.00000000000000e+00
299 266 -1.00000000000000e+00
300 300 4.00000000000000e+00
300 299 -1.00000000000000e+00
300 301 -1.00000000000000e+00
300 333 -1.00000000000000e+00
300 267 -1.00000000000000e+00
301 301 4.00000000000000e+00
301 300 -1.00000000000000e+00
301 302 -1.00000000000000e+00
301 334 -1.00000000000000e+00
301 268 -1.00000000000000e+00
302 302 4.00000000000000e+00
302 301 -1.00000000000000e+00
302 303 -1.00000000000000e+00
302 335 -1.00000000000000e+00
302 269 -1.00000000000000e+00
303 303 4.00000000000000e+00
303 302 -1.00000000000000e+00
303 304 -1.00000000000000e+00
303 336 -1.00000000000000e+00
303 270 -1.00000000000000e+00
304 304 4.00000000000000e+00
304 303 -1.00000000000000e+00
304 305 -1.00000000000000e+00
304 337 -1.00000000000000e+00
304 271 -1.00000000000000e+00
305 305 4.00000000000000e+00
305 304 -1.00000000000000e+00
305 306 -1.00000000000000e+00
305 338 -1.00000000000000e+00
305 272 -1.00000000000000e+00
306 306 4.00000000000000e+00
306 273 -1.00000000000000e+00
306 305 -1.00000000000000e+00
306 307 -1.00000000000000e+00
306 339 -1.00000000000000e+00
307 307 4.00000000000000e+00
307 274 -1.00000000000000e+00
307 306 -1.00000000000000e+00
307 308 -1.00000000000000e+00
307 340 -1.00000000000000e+00
308 308 4.00000000000000e+00
308 275 -1.00000000000000e+00
308 307 -1.00000000000000e+00
308 309 -1.00000000000000e+00
308 341 -1.00000000000000e+00
309 309 4.00000000000000e+00
309 276 -1.00000000000000e+00
309 308 -1.00000000000000e+00
309 310 -1.00000000000000e+00
309 342 -1.00000000000000e+00
310 310 4.00000000000000e+00
310 277 -1.00000000000000e+00
310 309 -1.00000000000000e+00
310 311 -1.00000000000000e+00
310 343 -1.00000000000000e+00
311 311 4.00000000000000e+00
311 278 -1.00000000000000e+00
311 310 -1.00000000000000e+00
311 312 -1.00000000000000e+00
311 344 -1.00000000000000e+00
312 312 4.00000000000000e+00
312 279 -1.00000000000000e+00
312 311 -1.00000000000000e+00
312 313 -1.00000000000000e+00
312 345 -1.00000000000000e+00
313 313 4.00000000000000e+00
313 280 -1.00000000000000e+00
313 312 -1.00000000000000e+00
313 314 -1.00000000000000e+00
313 346 -1.00000000000000e+00
314 314 4.00000000000000e+00
314 281 -1.00000000000000e+00
314 313 -1.00000000000000e+00
314 315 -1.00000000000000e+00
314 347 -1.00000000000000e+00
315 315 4.00000000000000e+00
315 282 -1.00000000000000e+00
315 314 -1.00000000000000e+00
315 316 -1.00000000000000e+00
315 348 -1.00000000000000e+00
316 316 4.00000000000000e+00
316 283 -1.00000000000000e+00
316 315 -1.00000000000000e+00
316 317 -1.00000000000000e+00
316 349 -1.00000000000000e+00
317 317 4.00000000000000e+00
317 284 -1.00000000000000e+00
317 316 -1.00000000000000e+00
317 318 -1.00000000000000e+00
317 350 -1.00000000000000e+00
318 318 4.00000000000000e+00
318 285 -1.00000000000000e+00
318 317 -1.00000000000000e+00
318 319 -1.00000000000000e+00
318 351 -1.00000000000000e+00
319 319 4.00000000000000e+00
319 286 -1.00000000000000e+00
319 318 -1.00000000000000e+00
319 320 -1.00000000000000e+00
319 352 -1.00000000000000e+00
320 320 4.00000000000000e+00
320 287 -1.00000000000000e+00
320 319 -1.00000000000000e+00
320 321 -1.00000000000000e+00
320 353 -1.00000000000000e+00
321 321 4.00000000000000e+00
321 288 -1.00000000000000e+00
321 320 -1.00000000000000e+00
321 322 -1.00000000000000e+00
321 354 -1.00000000000000e+00
322 322 4.00000000000000e+00
322 289 -1.00000000000000e+00
322 321 -1.00000000000000e+00
322 323 -1.00000000000000e+00
322 355 -1.00000000000000e+00
323 323 4.00000000000000e+00
323 290 -1.00000000000000e+00
323 322 -1.00000000000000e+00
323 324 -1.00000000000000e+00
323 356 -1.00000000000000e+00
324 324 4.00000000000000e+00
324 291 -1.00000000000000e+00
324 323 -1.00000000000000e+00
324 325 -1.00000000000000e+00
324 357 -1.00000000000000e+00
325 325 4.00000000000000e+00
325 292 -1.00000000000000e+00
325 324 -1.00000000000000e+00
325 326 -1.00000000000000e+00
325 358 -1.00000000000000e+00
326 326 4.00000000000000e+00
326 293 -1.00000000000000e+00
326 325 -1.00000000000000e+00
326 327 -1.00000000000000e+00
326 359 -1.00000000000000e+00
327 327 4.00000000000000e+00
327 294 -1.00000000000000e+00
327 326 -1.00000000000000e+00
327 328 -1.00000000000000e+00
327 360 -1.00000000000000e+00
328 328 4.00000000000000e+00
328 295 -1.00000000000000e+00
328 327 -1.00000000000000e+00
328 329 -1.00000000000000e+00
328 361 -1.00000000000000e+00
329 329 4.00000000000000e+00
329 296 -1.00000000000000e+00
329 328 -1.00000000000000e+00
329 362 -1.00000000000000e+00
330 330 4.00000000000000e+00
330 297 -1.00000000000000e+00
330 331 -1.00000000000000e+00
330 363 -1.00000000000000e+00
331 331 4.00000000000000e+00
331 298 -1.00000000000000e+00
331 330 -1.00000000000000e+00
331 332 -1.00000000000000e+00
331 364 -1.00000000000000e+00
332 332 4.00000000000000e+00
332 299 -1.00000000000000e+00
332 331 -1.00000000000000e+00
332 333 -1.00000000000000e+00
332 365 -1.00000000000000e+00
333 333 4.00000000000000e+00
333 300 -1.00000000000000e+00
333 332 -1.00000000000000e+00
333 334 -1.00000000000000e+00
333 366 -1.00000000000000e+00
334 334 4.00000000000000e+00
334 301 -1.00000000000000e+00
334 333 -1.00000000000000e+00
334 335 -1.00000000000000e+00
334 367 -1.00000000000000e+00
335 335 4.00000000000000e+00
335 302 -1.00000000000000e+00
335 334 -1.00000000000000e+00
335 336 -1.00000000000000e+00
335 368 -1.00000000000000e+00
336 336 4.00000000000000e+00
336 303 -1.00000000000000e+00
336 335 -1.00000000000000e+00
336 337 -1.00000000000000e+00
336 369 -1.00000000000000e+00
337 337 4.00000000000000e+00
337 304 -1.00000000000000e+00
337 336 -1.00000000000000e+00
337 338 -1.00000000000000e+00
337 370 -1.00000000000000e+00
338 338 4.00000000000000e+00
338 305 -1.00000000000000e+00
338 337 -1.00000000000000e+00
338 339 -1.00000000000000e+00
338 371 -1.00000000000000e+00
339 339 4.00000000000000e+00
339 306 -1.00000000000000e+00
339 338 -1.00000000000000e+00
339 340 -1.00000000000000e+00
339 372 -1.00000000000000e+00
340 340 4.00000000000000e+00
340 307 -1.00000000000000e+00
340 339 -1.00000000000000e+00
340 341 -1.00000000000000e+00
340 373 -1.00000000000000e+00
341 341 4.00000000000000e+00
341 308 -1.00000000000000e+00
341 340 -1.00000000000000e+00
341 342 -1.00000000000000e+00
341 374 -1.00000000000000e+00
342 342 4.00000000000000e+00
342 309 -1.00000000000000e+00
342 341 -1.00000000000000e+00
342 343 -1.00000000000000e+00
342 375 -1.00000000000000e+00
343 343 4.00000000000000e+00
343 310 -1.00000000000000e+00
343 342 -1.00000000000000e+00
343 344 -1.00000000000000e+00
343 376 -1.00000000000000e+00
344 344 4.00000000000000e+00
344 311 -1.00000000000000e+00
344 343 -1.00000000000000e+00
344 345 -1.00000000000000e+00
344 377 -1.00000000000000e+00
345 345 4.00000000000000e+00
345 312 -1.00000000000000e+00
345 344 -1.00000000000000e+00
345 346 -1.00000000000000e+00
345 378 -1.00000000000000e+00
346 346 4.00000000000000e+00
346 313 -1.00000000000000e+00
346 345 -1.00000000000000e+00
346 347 -1.00000000000000e+00
346 379 -1.00000000000000e+00
347 347 4.00000000000000e+00
347 314 -1.00000000000000e+00
347 346 -1.00000000000000e+00
347 348 -1.00000000000000e+00
347 380 -1.00000000000000e+00
348 348 4.00000000000000e+00
348 315 -1.00000000000000e+00
348 347 -1.00000000000000e+00
348 349 -1.00000000000000e+00
348 381 -1.00000000000000e+00
349 349 4.00000000000000e+00
349 316 -1.00000000000000e+00
349 348 -1.00000000000000e+00
349 350 -1.00000000000000e+00
349 382 -1.00000000000000e+00
350 350 4.00000000000000e+00
350 317 -1.00000000000000e+00
350 349 -1.00000000000000e+00
350 351 -1.00000000000000e+00
350 383 -1.00000000000000e+00
351 351 4.00000000000000e+00
351 318 -1.00000000000000e+00
351 350 -1.00000000000000e+00
351 352 -1.00000000000000e+00
351 384 -1.00000000000000e+00
352 352 4.00000000000000e+00
352 319 -1.00000000000000e+00
352 351 -1.00000000000000e+00
352 353 -1.00000000000000e+00
352 385 -1.00000000000000e+00
353 353 4.00000000000000e+00
353 320 -1.00000000000000e+00
353 352 -1.00000000000000e+00
353 354 -1.00000000000000e+00
353 386 -1.00000000000000e+00
354 354 4.00000000000000e+00
354 321 -1.00000000000000e+00
354 353 -1.00000000000000e+00
354 355 -1.00000000000000e+00
354 387 -1.00000000000000e+00
355 355 4.00000000000000e+00
355 322 -1.00000000000000e+00
355 354 -1.00000000000000e+00
355 356 -1.00000000000000e+00
355 388 -1.00000000000000e+00
356 356 4.00000000000000e+00
356 323 -1.00000000000000e+00
356 355 -1.00000000000000e+00
356 357 -1.00000000000000e+00
356 389 -1.00000000000000e+00
357 357 4.00000000000000e+00
357 324 -1.00000000000000e+00
357 356 -1.00000000000000e+00
357 358 -1.00000000000000e+00
357 390 -1.00000000000000e+00
358 358 4.00000000000000e+00
358 325 -1.00000000000000e+00
358 357 -1.00000000000000e+00
358 359 -1.00000000000000e+00
358 391 -1.00000000000000e+00
359 359 4.00000000000000e+00
359 326 -1.00000000000000e+00
359 358 -1.00000000000000e+00
359 360 -1.00000000000000e+00
359 392 -1.00000000000000e+00
360 360 4.00000000000000e+00
360 327 -1.00000000000000e+00
360 359 -1.00000000000000e+00
360 361 -1.00000000000000e+00
360 393 -1.00000000000000e+00
361 361 4.00000000000000e+00
361 328 -1.00000000000000e+00
361 360 -1.00000000000000e+00
361 362 -1.00000000000000e+00
361 394 -1.00000000000000e+00
362 362 4.00000000000000e+00
362 329 -1.00000000000000e+00
362 361 -1.00000000000000e+00
362 395 -1.00000000000000e+00
363 363 4.00000000000000e+00
363 330 -1.00000000000000e+00
363 364 -1.00000000000000e+00
363 396 -1.00000000000000e+00
364 364 4.00000000000000e+00
364 331 -1.00000000000000e+00
364 363 -1.00000000000000e+00
364 365 -1.00000000000000e+00
364 397 -1.00000000000000e+00
365 365 4.00000000000000e+00
365 332 -1.00000000000000e+00
365 364 -1.00000000000000e+00
365 366 -1.00000000000000e+00
365 398 -1.00000000000000e+00
366 366 4.00000000000000e+00
366 333 -1.00000000000000e+00
366 365 -1.00000000000000e+00
366 367 -1.00000000000000e+00
366 399 -1.00000000000000e+00
367 367 4.00000000000000e+00
367 334 -1.00000000000000e+00
367 366 -1.00000000000000e+00
367 368 -1.00000000000000e+00
367 400 -1.00000000000000e+00
368 368 4.00000000000000e+00
368 335 -1.00000000000000e+00
368 367 -1.00000000000000e+00
368 369 -1.00000000000000e+00
368 401 -1.00000000000000e+00
369 369 4.00000000000000e+00
369 336 -1.00000000000000e+00
369 368 -1.00000000000000e+00
369 370 -1.00000000000000e+00
369 402 -1.00000000000000e+00
370 370 4.00000000000000e+00
370 337 -1.00000000000000e+00
370 369 -1.00000000000000e+00
370 371 -1.00000000000000e+00
370 403 -1.00000000000000e+00
371 371 4.00000000000000e+00
371 338 -1.00000000000000e+00
371 370 -1.00000000000000e+00
371 372 -1.00000000000000e+00
371 404 -1.00000000000000e+00
372 372 4.00000000000000e+00
372 339 -1.00000000000000e+00
372 371 -1.00000000000000e+00
372 373 -1.00000000000000e+00
372 405 -1.00000000000000e+00
373 373 4.00000000000000e+00
373 340 -1.00000000000000e+00
373 372 -1.00000000000000e+00
373 374 -1.00000000000000e+00
373 406 -1.00000000000000e+00
374 374 4.00000000000000e+00
374 341 -1.00000000000000e+00
374 373 -1.00000000000000e+00
374 375 -1.00000000000000e+00
374 407 -1.00000000000000e+00
375 375 4.00000000000000e+00
375 342 -1.00000000000000e+00
375 374 -1.00000000000000e+00
375 376 -1.00000000000000e+00
375 408 -1.00000000000000e+00
376 376 4.00000000000000e+00
376 343 -1.00000000000000e+00
376 375 -1.00000000000000e+00
376 377 -1.00000000000000e+00
376 409 -1.00000000000000e+00
377 377 4.00000000000000e+00
377 344 -1.00000000000000e+00
377 376 -1.00000000000000e+00
377 378 -1.00000000000000e+00
377 410 -1.00000000000000e+00
378 378 4.00000000000000e+00
378 345 -1.00000000000000e+00
378 377 -1.00000000000000e+00
378 379 -1.00000000000000e+00
378 411 -1.00000000000000e+00
379 379 4.00000000000000e+00
379 346 -1.00000000000000e+00
379 378 -1.00000000000000e+00
379 380 -1.00000000000000e+00
379 412 -1.00000000000000e+00
380 380 4.00000000000000e+00
380 347 -1.00000000000000e+00
380 379 -1.00000000000000e+00
380 381 -1.00000000000000e+00
380 413 -1.00000000000000e+00
381 381 4.00000000000000e+00
381 348 -1.00000000000000e+00
381 380 -1.00000000000000e+00
381 382 -1.00000000000000e+00
381 414 -1.00000000000000e+00
382 382 4.00000000000000e+00
382 349 -1.00000000000000e+00
382 381 -1.00000000000000e+00
382 383 -1.00000000000000e+00
382 415 -1.00000000000000e+00
383 383 4.00000000000000e+00
383 350 -1.00000000000000e+00
383 382 -1.00000000000000e+00
383 384 -1.00000000000000e+00
383 416 -1.00000000000000e+00
384 384 4.00000000000000e+00
384 351 -1.00000000000000e+00
384 383 -1.00000000000000e+00
384 385 -1.00000000000000e+00
384 417 -1.00000000000000e+00
385 385 4.00000000000000e+00
385 352 -1.00000000000000e+00
385 384 -1.00000000000000e+00
385 386 -1.00000000000000e+00
385 418 -1.00000000000000e+00
386 386 4.00000000000000e+00
386 353 -1.00000000000000e+00
386 385 -1.00000000000000e+00
386 387 -1.00000000000000e+00
386 419 -1.00000000000000e+00
387 387 4.00000000000000e+00
387 354 -1.00000000000000e+00
387 386 -1.00000000000000e+00
387 388 -1.00000000000000e+00
387 420 -1.00000000000000e+00
388 388 4.00000000000000e+00
388 355 -1.00000000000000e+00
388 387 -1.00000000000000e+00
388 389 -1.00000000000000e+00
388 421 -1.00000000000000e+00
389 389 4.00000000000000e+00
389 356 -1.00000000000000e+00
389 388 -1.00000000000000e+00
389 390 -1.00000000000000e+00
389 422 -1.00000000000000e+00
390 390 4.00000000000000e+00
390 357 -1.00000000000000e+00
390 389 -1.00000000000000e+00
390 391 -1.00000000000000e+00
390 423 -1.00000000000000e+00
391 391 4.00000000000000e+00
391 358 -1.00000000000000e+00
391 390 -1.00000000000000e+00
391 392 -1.00000000000000e+00
391 424 -1.00000000000000e+00
392 392 4.00000000000000e+00
392 359 -1.00000000000000e+00
392 391 -1.00000000000000e+00
392 393 -1.00000000000000e+00
392 425 -1.00000000000000e+00
393 393 4.00000000000000e+00
393 360 -1.00000000000000e+00
393 392 -1.00000000000000e+00
393 394 -1.00000000000000e+00
393 426 -1.00000000000000e+00
394 394 4.00000000000000e+00
394 361 -1.00000000000000e+00
394 393 -1.00000000000000e+00
394 395 -1.00000000000000e+00
394 427 -1.00000000000000e+00
395 395 4.00000000000000e+00
395 362 -1.00000000000000e+00
395 394 -1.00000000000000e+00
395 428 -1.00000000000000e+00
396 396 4.00000000000000e+00
396 363 -1.00000000000000e+00
396 397 -1.00000000000000e+00
396 429 -1.00000000000000e+00
397 397 4.00000000000000e+00
397 364 -1.00000000000000e+00
397 396 -1.00000000000000e+00
397 398 -1.00000000000000e+00
397 430 -1.00000000000000e+00
398 398 4.00000000000000e+00
398 365 -1.00000000000000e+00
398 397 -1.00000000000000e+00
398 399 -1.00000000000000e+00
398 431 -1.00000000000000e+00
399 399 4.00000000000000e+00
399 366 -1.00000000000000e+00
399 398 -1.00000000000000e+00
399 400 -1.00000000000000e+00
399 432 -1.00000000000000e+00
400 400 4.00000000000000e+00
400 367 -1.00000000000000e+00
400 399 -1.00000000000000e+00
400 401 -1.00000000000000e+00
400 433 -1.00000000000000e+00
401 401 4.00000000000000e+00
401 368 -1.00000000000000e+00
401 400 -1.00000000000000e+00
401 402 -1.00000000000000e+00
401 434 -1.00000000000000e+00
402 402 4.00000000000000e+00
402 369 -1.00000000000000e+00
402 401 -1.00000000000000e+00
402 403 -1.00000000000000e+00
402 435 -1.00000000000000e+00
403 403 4.00000000000000e+00
403 370 -1.00000000000000e+00
403 402 -1.00000000000000e+00
403 404 -1.00000000000000e+00
403 436 -1.00000000000000e+00
404 404 4.00000000000000e+00
404 371 -1.00000000000000e+00
404 403 -1.00000000000000e+00
404 405 -1.00000000000000e+00
404 437 -1.00000000000000e+00
405 405 4.00000000000000e+00
405 372 -1.00000000000000e+00
405 404 -1.00000000000000e+00
405 406 -1.00000000000000e+00
405 438 -1.00000000000000e+00
406 406 4.00000000000000e+00
406 373 -1.00000000000000e+00
406 405 -1.00000000000000e+00
406 407 -1.00000000000000e+00
406 439 -1.00000000000000e+00
407 407 4.00000000000000e+00
407 374 -1.00000000000000e+00
407 406 -1.00000000000000e+00
407 408 -1.00000000000000e+00
407 440 -1.00000000000000e+00
408 408 4.00000000000000e+00
408 375 -1.00000000000000e+00
408 407 -1.00000000000000e+00
408 409 -1.00000000000000e+00
408 441 -1.00000000000000e+00
409 409 4.00000000000000e+00
409 376 -1.00000000000000e+00
409 408 -1.00000000000000e+00
409 410 -1.00000000000000e+00
409 442 -1.00000000000000e+00
410 410 4.00000000000000e+00
410 377 -1.00000000000000e+00
410 409 -1.00000000000000e+00
410 411 -1.00000000000000e+00
410 443 -1.00000000000000e+00
411 411 4.00000000000000e+00
411 378 -1.00000000000000e+00
411 410 -1.00000000000000e+00
411 412 -1.00000000000000e+00
411 444 -1.00000000000000e+00
412 412 4.00000000000000e+00
412 379 -1.00000000000000e+00
412 411 -1.00000000000000e+00
412 413 -1.00000000000000e+00
412 445 -1.00000000000000e+00
413 413 4.00000000000000e+00
413 380 -1.00000000000000e+00
413 412 -1.00000000000000e+00
413 414 -1.00000000000000e+00
413 446 -1.00000000000000e+00
414 414 4.00000000000000e+00
414 381 -1.00000000000000e+00
414 413 -1.00000000000000e+00
414 415 -1.00000000000000e+00
414 447 -1.00000000000000e+00
415 415 4.00000000000000e+00
415 382 -1.00000000000000e+00
415 414 -1.00000000000000e+00
415 416 -1.00000000000000e+00
415 448 -1.00000000000000e+00
416 416 4.00000000000000e+00
416 383 -1.00000000000000e+00
416 415 -1.00000000000000e+00
416 417 -1.00000000000000e+00
416 449 -1.00000000000000e+00
417 417 4.00000000000000e+00
417 384 -1.00000000000000e+00
417 416 -1.00000000000000e+00
417 418 -1.00000000000000e+00
417 450 -1.00000000000000e+00
418 418 4.00000000000000e+00
418 385 -1.00000000000000e+00
418 417 -1.00000000000000e+00
418 419 -1.00000000000000e+00
418 451 -1.00000000000000e+00
419 419 4.00000000000000e+00
419 386 -1.00000000000000e+00
419 418 -1.00000000000000e+00
419 420 -1.00000000000000e+00
419 452 -1.00000000000000e+00
420 420 4.00000000000000e+00
420 387 -1.00000000000000e+00
420 419 -1.00000000000000e+00
420 421 -1.00000000000000e+00
420 453 -1.00000000000000e+00
421 421 4.00000000000000e+00
421 388 -1.00000000000000e+00
421 420 -1.00000000000000e+00
421 422 -1.00000000000000e+00
421 454 -1.00000000000000e+00
422 422 4.00000000000000e+00
422 389 -1.00000000000000e+00
422 421 -1.00000000000000e+00
422 423 -1.00000000000000e+00
422 455 -1.00000000000000e+00
423 423 4.00000000000000e+00
423 390 -1.00000000000000e+00
423 422 -1.00000000000000e+00
423 424 -1.00000000000000e+00
423 456 -1.00000000000000e+00
424 424 4.00000000000000e+00
424 391 -1.00000000000000e+00
424 423 -1.00000000000000e+00
424 425 -1.00000000000000e+00
424 457 -1.00000000000000e+00
425 425 4.00000000000000e+00
425 392 -1.00000000000000e+00
425 424 -1.00000000000000e+00
425 426 -1.00000000000000e+00
425 458 -1.00000000000000e+00
426 426 4.00000000000000e+00
426 393 -1.00000000000000e+00
426 425 -1.00000000000000e+00
426 427 -1.00000000000000e+00
426 459 -1.00000000000000e+00
427 427 4.00000000000000e+00
427 394 -1.00000000000000e+00
427 426 -1.00000000000000e+00
427 428 -1.00000000000000e+00
427 460 -1.00000000000000e+00
428 428 4.00000000000000e+00
428 395 -1.00000000000000e+00
428 427 -1.00000000000000e+00
428 461 -1.00000000000000e+00
429 429 4.00000000000000e+00
429 396 -1.00000000000000e+00
429 430 -1.00000000000000e+00
429 462 -1.00000000000000e+00
430 430 4.00000000000000e+00
430 397 -1.00000000000000e+00
430 429 -1.00000000000000e+00
430 431 -1.00000000000000e+00
430 463 -1.00000000000000e+00
431 431 4.00000000000000e+00
431 398 -1.00000000000000e+00
431 430 -1.00000000000000e+00
431 432 -1.00000000000000e+00
431 464 -1.00000000000000e+00
432 432 4.00000000000000e+00
432 399 -1.00000000000000e+00
432 431 -1.00000000000000e+00
432 433 -1.00000000000000e+00
432 465 -1.00000000000000e+00
433 433 4.00000000000000e+00
433 400 -1.00000000000000e+00
433 432 -1.00000000000000e+00
433 434 -1.00000000000000e+00
433 466 -1.00000000000000e+00
434 434 4.00000000000000e+00
434 401 -1.00000000000000e+00
434 433 -1.00000000000000e+00
434 435 -1.00000000000000e+00
434 467 -1.00000000000000e+00
435 435 4.00000000000000e+00
435 402 -1.00000000000000e+00
435 434 -1.00000000000000e+00
435 436 -1.00000000000000e+00
435 468 -1.00000000000000e+00
436 436 4.00000000000000e+00
436 403 -1.00000000000000e+00
436 435 -1.00000000000000e+00
436 437 -1.00000000000000e+00
436 469 -1.00000000000000e+00
437 437 4.00000000000000e+00
437 404 -1.00000000000000e+00
437 436 -1.00000000000000e+00
437 438 -1.00000000000000e+00
437 470 -1.00000000000000e+00
438 438 4.00000000000000e+00
438 405 -1.00000000000000e+00
438 437 -1.00000000000000e+00
438 439 -1.00000000000000e+00
438 471 -1.00000000000000e+00
439 439 4.00000000000000e+00
439 406 -1.00000000000000e+00
439 438 -1.00000000000000e+00
439 440 -1.00000000000000e+00
439 472 -1.00000000000000e+00
440 440 4.00000000000000e+00
440 407 -1.00000000000000e+00
440 439 -1.00000000000000e+00
440 441 -1.00000000000000e+00
440 473 -1.00000000000000e+00
441 441 4.00000000000000e+00
441 408 -1.00000000000000e+00
441 440 -1.00000000000000e+00
441 442 -1.00000000000000e+00
441 474 -1.00000000000000e+00
442 442 4.00000000000000e+00
442 409 -1.00000000000000e+00
442 441 -1.00000000000000e+00
442 443 -1.00000000000000e+00
442 475 -1.00000000000000e+00
443 443 4.00000000000000e+00
443 410 -1.00000000000000e+00
443 442 -1.00000000000000e+00
443 444 -1.00000000000000e+00
443 476 -1.00000000000000e+00
444 444 4.00000000000000e+00
444 411 -1.00000000000000e+00
444 443 -1.00000000000000e+00
444 445 -1.00000000000000e+00
444 477 -1.00000000000000e+00
445 445 4.00000000000000e+00
445 412 -1.00000000000000e+00
445 444 -1.00000000000000e+00
445 446 -1.00000000000000e+00
445 478 -1.00000000000000e+00
446 446 4.00000000000000e+00
446 413 -1.00000000000000e+00
446 445 -1.00000000000000e+00
446 447 -1.00000000000000e+00
446 479 -1.00000000000000e+00
447 447 4.00000000000000e+00
447 414 -1.00000000000000e+00
447 446 -1.00000000000000e+00
447 448 -1.00000000000000e+00
447 480 -1.00000000000000e+00
448 448 4.00000000000000e+00
448 415 -1.00000000000000e+00
448 447 -1.00000000000000e+00
448 449 -1.00000000000000e+00
448 481 -1.00000000000000e+00
449 449 4.00000000000000e+00
449 416 -1.00000000000000e+00
449 448 -1.00000000000000e+00
449 450 -1.00000000000000e+00
449 482 -1.00000000000000e+00
450 450 4.00000000000000e+00
450 417 -1.00000000000000e+00
450 449 -1.00000000000000e+00
450 451 -1.00000000000000e+00
450 483 -1.00000000000000e+00
451 451 4.00000000000000e+00
451 418 -1.00000000000000e+00
451 450 -1.00000000000000e+00
451 452 -1.00000000000000e+00
451 484 -1.00000000000000e+00
452 452 4.00000000000000e+00
452 419 -1.00000000000000e+00
452 451 -1.00000000000000e+00
452 453 -1.00000000000000e+00
452 485 -1.00000000000000e+00
453 453 4.00000000000000e+00
453 420 -1.00000000000000e+00
453 452 -1.00000000000000e+00
453 454 -1.00000000000000e+00
453 486 -1.00000000000000e+00
454 454 4.00000000000000e+00
454 421 -1.00000000000000e+00
454 453 -1.00000000000000e+00
454 455 -1.00000000000000e+00
454 487 -1.00000000000000e+00
455 455 4.00000000000000e+00
455 422 -1.00000000000000e+00
455 454 -1.00000000000000e+00
455 456 -1.00000000000000e+00
455 488 -1.00000000000000e+00
456 456 4.00000000000000e+00
456 423 -1.00000000000000e+00
456 455 -1.00000000000000e+00
456 457 -1.00000000000000e+00
456 489 -1.00000000000000e+00
457 457 4.00000000000000e+00
457 424 -1.00000000000000e+00
457 456 -1.00000000000000e+00
457 458 -1.00000000000000e+00
457 490 -1.00000000000000e+00
458 458 4.00000000000000e+00
458 425 -1.00000000000000e+00
458 457 -1.00000000000000e+00
458 459 -1.00000000000000e+00
458 491 -1.00000000000000e+00
459 459 4.00000000000000e+00
459 426 -1.00000000000000e+00
459 458 -1.00000000000000e+00
459 460 -1.00000000000000e+00
459 492 -1.00000000000000e+00
460 460 4.00000000000000e+00
460 427 -1.00000000000000e+00
460 459 -1.00000000000000e+00
460 461 -1.00000000000000e+00
460 493 -1.00000000000000e+00
461 461 4.00000000000000e+00
461 428 -1.00000000000000e+00
461 460 -1.00000000000000e+00
461 494 -1.00000000000000e+00
462 462 4.00000000000000e+00
462 429 -1.00000000000000e+00
462 463 -1.00000000000000e+00
462 495 -1.00000000000000e+00
463 463 4.00000000000000e+00
463 430 -1.00000000000000e+00
463 462 -1.00000000000000e+00
463 464 -1.00000000000000e+00
463 496 -1.00000000000000e+00
464 464 4.00000000000000e+00
464 431 -1.00000000000000e+00
464 463 -1.00000000000000e+00
464 465 -1.00000000000000e+00
464 497 -1.00000000000000e+00
465 465 4.00000000000000e+00
465 432 -1.00000000000000e+00
465 464 -1.00000000000000e+00
465 466 -1.00000000000000e+00
465 498 -1.00000000000000e+00
466 466 4.00000000000000e+00
466 433 -1.00000000000000e+00
466 465 -1.00000000000000e+00
466 467 -1.00000000000000e+00
466 499 -1.00000000000000e+00
467 467 4.00000000000000e+00
467 434 -1.00000000000000e+00
467 466 -1.00000000000000e+00
467 468 -1.00000000000000e+00
467 500 -1.00000000000000e+00
468 468 4.00000000000000e+00
468 435 -1.00000000000000e+00
468 467 -1.00000000000000e+00
468 469 -1.00000000000000e+00
468 501 -1.00000000000000e+00
469 469 4.00000000000000e+00
469 436 -1.00000000000000e+00
469 468 -1.00000000000000e+00
469 470 -1.00000000000000e+00
469 502 -1.00000000000000e+00
470 470 4.00000000000000e+00
470 437 -1.00000000000000e+00
470 469 -1.00000000000000e+00
470 471 -1.00000000000000e+00
470 503 -1.00000000000000e+00
471 471 4.00000000000000e+00
471 438 -1.00000000000000e+00
471 470 -1.00000000000000e+00
471 472 -1.00000000000000e+00
471 504 -1.00000000000000e+00
472 472 4.00000000000000e+00
472 439 -1.00000000000000e+00
472 471 -1.00000000000000e+00
472 473 -1.00000000000000e+00
472 505 -1.00000000000000e+00
473 473 4.00000000000000e+00
473 440 -1.00000000000000e+00
473 472 -1.00000000000000e+00
473 474 -1.00000000000000e+00
473 506 -1.00000000000000e+00
474 474 4.00000000000000e+00
474 441 -1.00000000000000e+00
474 473 -1.00000000000000e+00
474 475 -1.00000000000000e+00
474 507 -1.00000000000000e+00
475 475 4.00000000000000e+00
475 442 -1.00000000000000e+00
475 474 -1.00000000000000e+00
475 476 -1.00000000000000e+00
475 508 -1.00000000000000e+00
476 476 4.00000000000000e+00
476 443 -1.00000000000000e+00
476 475 -1.00000000000000e+00
476 477 -1.00000000000000e+00
476 509 -1.00000000000000e+00
477 477 4.00000000000000e+00
477 444 -1.00000000000000e+00
477 476 -1.00000000000000e+00
477 478 -1.00000000000000e+00
477 510 -1.00000000000000e+00
478 478 4.00000000000000e+00
478 445 -1.00000000000000e+00
478 477 -1.00000000000000e+00
478 479 -1.00000000000000e+00
478 511 -1.00000000000000e+00
479 479 4.00000000000000e+00
479 446 -1.00000000000000e+00
479 478 -1.00000000000000e+00
479 480 -1.00000000000000e+00
479 512 -1.00000000000000e+00
480 480 4.00000000000000e+00
480 447 -1.00000000000000e+00
480 479 -1.00000000000000e+00
480 481 -1.00000000000000e+00
480 513 -1.00000000000000e+00
481 481 4.00000000000000e+00
481 448 -1.00000000000000e+00
481 480 -1.00000000000000e+00
481 482 -1.00000000000000e+00
481 514 -1.00000000000000e+00
482 482 4.00000000000000e+00
482 449 -1.00000000000000e+00
482 481 -1.00000000000000e+00
482 483 -1.00000000000000e+00
482 515 -1.00000000000000e+00
483 483 4.00000000000000e+00
483 450 -1.00000000000000e+00
483 482 -1.00000000000000e+00
483 484 -1.00000000000000e+00
483 516 -1.00000000000000e+00
484 484 4.00000000000000e+00
484 451 -1.00000000000000e+00
484 483 -1.00000000000000e+00
484 485 -1.00000000000000e+00
484 517 -1.00000000000000e+00
485 485 4.00000000000000e+00
485 452 -1.00000000000000e+00
485 484 -1.00000000000000e+00
485 486 -1.00000000000000e+00
485 518 -1.00000000000000e+00
486 486 4.00000000000000e+00
486 453 -1.00000000000000e+00
486 485 -1.00000000000000e+00
486 487 -1.00000000000000e+00
486 519 -1.00000000000000e+00
487 487 4.00000000000000e+00
487 454 -1.00000000000000e+00
487 486 -1.00000000000000e+00
487 488 -1.00000000000000e+00
487 520 -1.00000000000000e+00
488 488 4.00000000000000e+00
488 455 -1.00000000000000e+00
488 487 -1.00000000000000e+00
488 489 -1.00000000000000e+00
488 521 -1.00000000000000e+00
489 489 4.00000000000000e+00
489 456 -1.00000000000000e+00
489 488 -1.00000000000000e+00
489 490 -1.00000000000000e+00
489 522 -1.00000000000000e+00
490 490 4.00000000000000e+00
490 457 -1.00000000000000e+00
490 489 -1.00000000000000e+00
490 491 -1.00000000000000e+00
490 523 -1.00000000000000e+00
491 491 4.00000000000000e+00
491 458 -1.00000000000000e+00
491 490 -1.00000000000000e+00
491 492 -1.00000000000000e+00
491 524 -1.00000000000000e+00
492 492 4.00000000000000e+00
492 459 -1.00000000000000e+00
492 491 -1.00000000000000e+00
492 493 -1.00000000000000e+00
492 525 -1.00000000000000e+00
493 493 4.00000000000000e+00
493 460 -1.00000000000000e+00
493 492 -1.00000000000000e+00
493 494 -1.00000000000000e+00
493 526 -1.00000000000000e+00
494 494 4.00000000000000e+00
494 461 -1.00000000000000e+00
494 493 -1.00000000000000e+00
494 527 -1.00000000000000e+00
495 495 4.00000000000000e+00
495 462 -1.00000000000000e+00
495 496 -1.00000000000000e+00
495 528 -1.00000000000000e+00
496 496 4.00000000000000e+00
496 463 -1.00000000000000e+00
496 495 -1.00000000000000e+00
496 497 -1.00000000000000e+00
496 529 -1.00000000000000e+00
497 497 4.00000000000000e+00
497 464 -1.00000000000000e+00
497 496 -1.00000000000000e+00
497 498 -1.00000000000000e+00
497 530 -1.00000000000000e+00
498 498 4.00000000000000e+00
498 465 -1.00000000000000e+00
498 497 -1.00000000000000e+00
498 499 -1.00000000000000e+00
498 531 -1.00000000000000e+00
499 499 4.00000000000000e+00
499 466 -1.00000000000000e+00
499 498 -1.00000000000000e+00
499 500 -1.00000000000000e+00
499 532 -1.00000000000000e+00
500 500 4.00000000000000e+00
500 467 -1.00000000000000e+00
500 499 -1.00000000000000e+00
500 501 -1.00000000000000e+00
500 533 -1.00000000000000e+00
501 501 4.00000000000000e+00
501 468 -1.00000000000000e+00
501 500 -1.00000000000000e+00
501 502 -1.00000000000000e+00
501 534 -1.00000000000000e+00
502 502 4.00000000000000e+00
502 469 -1.00000000000000e+00
502 501 -1.00000000000000e+00
502 503 -1.00000000000000e+00
502 535 -1.00000000000000e+00
503 503 4.00000000000000e+00
503 470 -1.00000000000000e+00
503 502 -1.00000000000000e+00
503 504 -1.00000000000000e+00
503 536 -1.00000000000000e+00
504 504 4.00000000000000e+00
504 471 -1.00000000000000e+00
504 503 -1.00000000000000e+00
504 505 -1.00000000000000e+00
504 537 -1.00000000000000e+00
505 505 4.00000000000000e+00
505 472 -1.00000000000000e+00
505 504 -1.00000000000000e+00
505 506 -1.00000000000000e+00
505 538 -1.00000000000000e+00
506 506 4.00000000000000e+00
506 473 -1.00000000000000e+00
506 505 -1.00000000000000e+00
506 507 -1.00000000000000e+00
506 539 -1.00000000000000e+00
507 507 4.00000000000000e+00
507 474 -1.00000000000000e+00
507 506 -1.00000000000000e+00
507 508 -1.00000000000000e+00
507 540 -1.00000000000000e+00
508 508 4.00000000000000e+00
508 475 -1.00000000000000e+00
508 507 -1.00000000000000e+00
508 509 -1.00000000000000e+00
508 541 -1.00000000000000e+00
509 509 4.00000000000000e+00
509 476 -1.00000000000000e+00
509 508 -1.00000000000000e+00
509 510 -1.00000000000000e+00
509 542 -1.00000000000000e+00
510 510 4.00000000000000e+00
510 477 -1.00000000000000e+00
510 509 -1.00000000000000e+00
510 511 -1.00000000000000e+00
510 543 -1.00000000000000e+00
511 511 4.00000000000000e+00
511 478 -1.00000000000000e+00
511 510 -1.00000000000000e+00
511 512 -1.00000000000000e+00
511 544 -1.00000000000000e+00
512 512 4.00000000000000e+00
512 479 -1.00000000000000e+00
512 511 -1.00000000000000e+00
512 513 -1.00000000000000e+00
512 545 -1.00000000000000e+00
513 513 4.00000000000000e+00
513 480 -1.00000000000000e+00
513 512 -1.00000000000000e+00
513 514 -1.00000000000000e+00
513 546 -1.00000000000000e+00
514 514 4.00000000000000e+00
514 481 -1.00000000000000e+00
514 513 -1.00000000000000e+00
514 515 -1.00000000000000e+00
514 547 -1.00000000000000e+00
515 515 4.00000000000000e+00
515 482 -1.00000000000000e+00
515 514 -1.00000000000000e+00
515 516 -1.00000000000000e+00
515 548 -1.00000000000000e+00
516 516 4.00000000000000e+00
516 483 -1.00000000000000e+00
516 515 -1.00000000000000e+00
516 517 -1.00000000000000e+00
516 549 -1.00000000000000e+00
517 517 4.00000000000000e+00
517 484 -1.00000000000000e+00
517 516 -1.00000000000000e+00
517 518 -1.00000000000000e+00
517 550 -1.00000000000000e+00
518 518 4.00000000000000e+00
518 485 -1.00000000000000e+00
518 517 -1.00000000000000e+00
518 519 -1.00000000000000e+00
518 551 -1.00000000000000e+00
519 519 4.00000000000000e+00
519 486 -1.00000000000000e+00
519 518 -1.00000000000000e+00
519 520 -1.00000000000000e+00
519 552 -1.00000000000000e+00
520 520 4.00000000000000e+00
520 487 -1.00000000000000e+00
520 519 -1.00000000000000e+00
520 521 -1.00000000000000e+00
520 553 -1.00000000000000e+00
521 521 4.00000000000000e+00
521 488 -1.00000000000000e+00
521 520 -1.00000000000000e+00
521 522 -1.00000000000000e+00
521 554 -1.00000000000000e+00
522 522 4.00000000000000e+00
522 489 -1.00000000000000e+00
522 521 -1.00000000000000e+00
522 523 -1.00000000000000e+00
522 555 -1.00000000000000e+00
523 523 4.00000000000000e+00
523 490 -1.00000000000000e+00
523 522 -1.00000000000000e+00
523 524 -1.00000000000000e+00
523 556 -1.00000000000000e+00
524 524 4.00000000000000e+00
524 491 -1.00000000000000e+00
524 523 -1.00000000000000e+00
524 525 -1.00000000000000e+00
524 557 -1.00000000000000e+00
525 525 4.00000000000000e+00
525 492 -1.00000000000000e+00
525 524 -1.00000000000000e+00
525 526 -1.00000000000000e+00
525 558 -1.00000000000000e+00
526 526 4.00000000000000e+00
526 493 -1.00000000000000e+00
526 525 -1.00000000000000e+00
526 527 -1.00000000000000e+00
526 559 -1.00000000000000e+00
527 527 4.00000000000000e+00
527 494 -1.00000000000000e+00
527 526 -1.00000000000000e+00
527 560 -1.00000000000000e+00
528 528 4.00000000000000e+00
528 495 -1.00000000000000e+00
528 529 -1.00000000000000e+00
528 561 -1.00000000000000e+00
529 529 4.00000000000000e+00
529 496 -1.00000000000000e+00
529 528 -1.00000000000000e+00
529 530 -1.00000000000000e+00
529 562 -1.00000000000000e+00
530 530 4.00000000000000e+00
530 497 -1.00000000000000e+00
530 529 -1.00000000000000e+00
530 531 -1.00000000000000e+00
530 563 -1.00000000000000e+00
531 531 4.00000000000000e+00
531 498 -1.00000000000000e+00
531 530 -1.00000000000000e+00
531 532 -1.00000000000000e+00
531 564 -1.00000000000000e+00
532 532 4.00000000000000e+00
532 499 -1.00000000000000e+00
532 531 -1.00000000000000e+00
532 533 -1.00000000000000e+00
532 565 -1.00000000000000e+00
533 533 4.00000000000000e+00
533 500 -1.00000000000000e+00
533 532 -1.00000000000000e+00
533 534 -1.00000000000000e+00
533 566 -1.00000000000000e+00
534 534 4.00000000000000e+00
534 501 -1.00000000000000e+00
534 533 -1.00000000000000e+00
534 535 -1.00000000000000e+00
534 567 -1.00000000000000e+00
535 535 4.00000000000000e+00
535 502 -1.00000000000000e+00
535 534 -1.00000000000000e+00
535 536 -1.00000000000000e+00
535 568 -1.00000000000000e+00
536 536 4.00000000000000e+00
536 503 -1.00000000000000e+00
536 535 -1.00000000000000e+00
536 537 -1.00000000000000e+00
536 569 -1.00000000000000e+00
537 537 4.00000000000000e+00
537 504 -1.00000000000000e+00
537 536 -1.00000000000000e+00
537 538 -1.00000000000000e+00
537 570 -1.00000000000000e+00
538 538 4.00000000000000e+00
538 505 -1.00000000000000e+00
538 537 -1.00000000000000e+00
538 539 -1.00000000000000e+00
538 571 -1.00000000000000e+00
539 539 4.00000000000000e+00
539 506 -1.00000000000000e+00
539 538 -1.00000000000000e+00
539 540 -1.00000000000000e+00
539 572 -1.00000000000000e+00
540 540 4.00000000000000e+00
540 507 -1.00000000000000e+00
540 539 -1.00000000000000e+00
540 541 -1.00000000000000e+00
540 573 -1.00000000000000e+00
541 541 4.00000000000000e+00
541 508 -1.00000000000000e+00
541 540 -1.00000000000000e+00
541 542 -1.00000000000000e+00
541 574 -1.00000000000000e+00
542 542 4.00000000000000e+00
542 509 -1.00000000000000e+00
542 541 -1.00000000000000e+00
542 543 -1.00000000000000e+00
542 575 -1.00000000000000e+00
543 543 4.00000000000000e+00
543 510 -1.00000000000000e+00
543 542 -1.00000000000000e+00
543 544 -1.00000000000000e+00
543 576 -1.00000000000000e+00
544 544 4.00000000000000e+00
544 511 -1.00000000000000e+00
544 543 -1.00000000000000e+00
544 545 -1.00000000000000e+00
544 577 -1.00000000000000e+00
