545 816 545 816
545 545 4.00000000000000e+00
545 546 -1.00000000000000e+00
545 578 -1.00000000000000e+00
545 512 -1.00000000000000e+00
545 544 -1.00000000000000e+00
546 546 4.00000000000000e+00
546 545 -1.00000000000000e+00
546 547 -1.00000000000000e+00
546 579 -1.00000000000000e+00
546 513 -1.00000000000000e+00
547 547 4.00000000000000e+00
547 546 -1.00000000000000e+00
547 548 -1.00000000000000e+00
547 580 -1.00000000000000e+00
547 514 -1.00000000000000e+00
548 548 4.00000000000000e+00
548 547 -1.00000000000000e+00
548 549 -1.00000000000000e+00
548 581 -1.00000000000000e+00
548 515 -1.00000000000000e+00
549 549 4.00000000000000e+00
549 548 -1.00000000000000e+00
549 550 -1.00000000000000e+00
549 582 -1.00000000000000e+00
549 516 -1.00000000000000e+00
550 550 4.00000000000000e+00
550 549 -1.00000000000000e+00
550 551 -1.00000000000000e+00
550 583 -1.00000000000000e+00
550 517 -1.00000000000000e+00
551 551 4.00000000000000e+00
551 550 -1.00000000000000e+00
551 552 -1.00000000000000e+00
551 584 -1.00000000000000e+00
551 518 -1.00000000000000e+00
552 552 4.00000000000000e+00
552 551 -1.00000000000000e+00
552 553 -1.00000000000000e+00
552 585 -1.00000000000000e+00
552 519 -1.00000000000000e+00
553 553 4.00000000000000e+00
553 552 -1.00000000000000e+00
553 554 -1.00000000000000e+00
553 586 -1.00000000000000e+00
553 520 -1.00000000000000e+00
554 554 4.00000000000000e+00
554 553 -1.00000000000000e+00
554 555 -1.00000000000000e+00
554 587 -1.00000000000000e+00
554 521 -1.00000000000000e+00
555 555 4.00000000000000e+00
555 554 -1.00000000000000e+00
555 556 -1.00000000000000e+00
555 588 -1.00000000000000e+00
555 522 -1.00000000000000e+00
556 556 4.00000000000000e+00
556 555 -1.00000000000000e+00
556 557 -1.00000000000000e+00
556 589 -1.00000000000000e+00
556 523 -1.00000000000000e+00
557 557 4.00000000000000e+00
557 556 -1.00000000000000e+00
557 558 -1.00000000000000e+00
557 590 -1.00000000000000e+00
557 524 -1.00000000000000e+00
558 558 4.00000000000000e+00
558 557 -1.00000000000000e+00
558 559 -1.00000000000000e+00
558 591 -1.00000000000000e+00
558 525 -1.00000000000000e+00
559 559 4.00000000000000e+00
559 558 -1.00000000000000e+00
559 560 -1.00000000000000e+00
559 592 -1.00000000000000e+00
559 526 -1.00000000000000e+00
560 560 4.00000000000000e+00
560 559 -1.00000000000000e+00
560 593 -1.00000000000000e+00
560 527 -1.00000000000000e+00
561 561 4.00000000000000e+00
561 562 -1.00000000000000e+00
561 594 -1.00000000000000e+00
561 528 -1.00000000000000e+00
562 562 4.00000000000000e+00
562 561 -1.00000000000000e+00
562 563 -1.00000000000000e+00
562 595 -1.00000000000000e+00
562 529 -1.00000000000000e+00
563 563 4.00000000000000e+00
563 562 -1.00000000000000e+00
563 564 -1.00000000000000e+00
563 596 -1.00000000000000e+00
563 530 -1.00000000000000e+00
564 564 4.00000000000000e+00
564 563 -1.00000000000000e+00
564 565 -1.00000000000000e+00
564 597 -1.00000000000000e+00
564 531 -1.00000000000000e+00
565 565 4.00000000000000e+00
565 564 -1.00000000000000e+00
565 566 -1.00000000000000e+00
565 598 -1.00000000000000e+00
565 532 -1.00000000000000e+00
566 566 4.00000000000000e+00
566 565 -1.00000000000000e+00
566 567 -1.00000000000000e+00
566 599 -1.00000000000000e+00
566 533 -1.00000000000000e+00
567 567 4.00000000000000e+00
567 566 -1.00000000000000e+00
567 568 -1.00000000000000e+00
567 600 -1.00000000000000e+00
567 534 -1.00000000000000e+00
568 568 4.00000000000000e+00
568 567 -1.00000000000000e+00
568 569 -1.00000000000000e+00
568 601 -1.00000000000000e+00
568 535 -1.00000000000000e+00
569 569 4.00000000000000e+00
569 568 -1.00000000000000e+00
569 570 -1.00000000000000e+00
569 602 -1.00000000000000e+00
569 536 -1.00000000000000e+00
570 570 4.00000000000000e+00
570 569 -1.00000000000000e+00
570 571 -1.00000000000000e+00
570 603 -1.00000000000000e+00
570 537 -1.00000000000000e+00
571 571 4.00000000000000e+00
571 570 -1.00000000000000e+00
571 572 -1.00000000000000e+00
571 604 -1.00000000000000e+00
571 538 -1.00000000000000e+00
572 572 4.00000000000000e+00
572 571 -1.00000000000000e+00
572 573 -1.00000000000000e+00
572 605 -1.00000000000000e+00
572 539 -1.00000000000000e+00
573 573 4.00000000000000e+00
573 572 -1.00000000000000e+00
573 574 -1.00000000000000e+00
573 606 -1.00000000000000e+00
573 540 -1.00000000000000e+00
574 574 4.00000000000000e+00
574 573 -1.00000000000000e+00
574 575 -1.00000000000000e+00
574 607 -1.00000000000000e+00
574 541 -1.00000000000000e+00
575 575 4.00000000000000e+00
575 574 -1.00000000000000e+00
575 576 -1.00000000000000e+00
575 608 -1.00000000000000e+00
575 542 -1.00000000000000e+00
576 576 4.00000000000000e+00
576 575 -1.00000000000000e+00
576 577 -1.00000000000000e+00
576 609 -1.00000000000000e+00
576 543 -1.00000000000000e+00
577 577 4.00000000000000e+00
577 576 -1.00000000000000e+00
577 578 -1.00000000000000e+00
577 610 -1.00000000000000e+00
577 544 -1.00000000000000e+00
578 578 4.00000000000000e+00
578 545 -1.00000000000000e+00
578 577 -1.00000000000000e+00
578 579 -1.00000000000000e+00
578 611 -1.00000000000000e+00
579 579 4.00000000000000e+00
579 546 -1.00000000000000e+00
579 578 -1.00000000000000e+00
579 580 -1.00000000000000e+00
579 612 -1.00000000000000e+00
580 580 4.00000000000000e+00
580 547 -1.00000000000000e+00
580 579 -1.00000000000000e+00
580 581 -1.00000000000000e+00
580 613 -1.00000000000000e+00
581 581 4.00000000000000e+00
581 548 -1.00000000000000e+00
581 580 -1.00000000000000e+00
581 582 -1.00000000000000e+00
581 614 -1.00000000000000e+00
582 582 4.00000000000000e+00
582 549 -1.00000000000000e+00
582 581 -1.00000000000000e+00
582 583 -1.00000000000000e+00
582 615 -1.00000000000000e+00
583 583 4.00000000000000e+00
583 550 -1.00000000000000e+00
583 582 -1.00000000000000e+00
583 584 -1.00000000000000e+00
583 616 -1.00000000000000e+00
584 584 4.00000000000000e+00
584 551 -1.00000000000000e+00
584 583 -1.00000000000000e+00
584 585 -1.00000000000000e+00
584 617 -1.00000000000000e+00
585 585 4.00000000000000e+00
585 552 -1.00000000000000e+00
585 584 -1.00000000000000e+00
585 586 -1.00000000000000e+00
585 618 -1.00000000000000e+00
586 586 4.00000000000000e+00
586 553 -1.00000000000000e+00
586 585 -1.00000000000000e+00
586 587 -1.00000000000000e+00
586 619 -1.00000000000000e+00
587 587 4.00000000000000e+00
587 554 -1.00000000000000e+00
587 586 -1.00000000000000e+00
587 588 -1.00000000000000e+00
587 620 -1.00000000000000e+00
588 588 4.00000000000000e+00
588 555 -1.00000000000000e+00
588 587 -1.00000000000000e+00
588 589 -1.00000000000000e+00
588 621 -1.00000000000000e+00
589 589 4.00000000000000e+00
589 556 -1.00000000000000e+00
589 588 -1.00000000000000e+00
589 590 -1.00000000000000e+00
589 622 -1.00000000000000e+00
590 590 4.00000000000000e+00
590 557 -1.00000000000000e+00
590 589 -1.00000000000000e+00
590 591 -1.00000000000000e+00
590 623 -1.00000000000000e+00
591 591 4.00000000000000e+00
591 558 -1.00000000000000e+00
591 590 -1.00000000000000e+00
591 592 -1.00000000000000e+00
591 624 -1.00000000000000e+00
592 592 4.00000000000000e+00
592 559 -1.00000000000000e+00
592 591 -1.00000000000000e+00
592 593 -1.00000000000000e+00
592 625 -1.00000000000000e+00
593 593 4.00000000000000e+00
593 560 -1.00000000000000e+00
593 592 -1.00000000000000e+00
593 626 -1.00000000000000e+00
594 594 4.00000000000000e+00
594 561 -1.00000000000000e+00
594 595 -1.00000000000000e+00
594 627 -1.00000000000000e+00
595 595 4.00000000000000e+00
595 562 -1.00000000000000e+00
595 594 -1.00000000000000e+00
595 596 -1.00000000000000e+00
595 628 -1.00000000000000e+00
596 596 4.00000000000000e+00
596 563 -1.00000000000000e+00
596 595 -1.00000000000000e+00
596 597 -1.00000000000000e+00
596 629 -1.00000000000000e+00
597 597 4.00000000000000e+00
597 564 -1.00000000000000e+00
597 596 -1.00000000000000e+00
597 598 -1.00000000000000e+00
597 630 -1.00000000000000e+00
598 598 4.00000000000000e+00
598 565 -1.00000000000000e+00
598 597 -1.00000000000000e+00
598 599 -1.00000000000000e+00
598 631 -1.00000000000000e+00
599 599 4.00000000000000e+00
599 566 -1.00000000000000e+00
599 598 -1.00000000000000e+00
599 600 -1.00000000000000e+00
599 632 -1.00000000000000e+00
600 600 4.00000000000000e+00
600 567 -1.00000000000000e+00
600 599 -1.00000000000000e+00
600 601 -1.00000000000000e+00
600 633 -1.00000000000000e+00
601 601 4.00000000000000e+00
601 568 -1.00000000000000e+00
601 600 -1.00000000000000e+00
601 602 -1.00000000000000e+00
601 634 -1.00000000000000e+00
602 602 4.00000000000000e+00
602 569 -1.00000000000000e+00
602 601 -1.00000000000000e+00
602 603 -1.00000000000000e+00
602 635 -1.00000000000000e+00
603 603 4.00000000000000e+00
603 570 -1.00000000000000e+00
603 602 -1.00000000000000e+00
603 604 -1.00000000000000e+00
603 636 -1.00000000000000e+00
604 604 4.00000000000000e+00
604 571 -1.00000000000000e+00
604 603 -1.00000000000000e+00
604 605 -1.00000000000000e+00
604 637 -1.00000000000000e+00
605 605 4.00000000000000e+00
605 572 -1.00000000000000e+00
605 604 -1.00000000000000e+00
605 606 -1.00000000000000e+00
605 638 -1.00000000000000e+00
606 606 4.00000000000000e+00
606 573 -1.00000000000000e+00
606 605 -1.00000000000000e+00
606 607 -1.00000000000000e+00
606 639 -1.00000000000000e+00
607 607 4.00000000000000e+00
607 574 -1.00000000000000e+00
607 606 -1.00000000000000e+00
607 608 -1.00000000000000e+00
607 640 -1.00000000000000e+00
608 608 4.00000000000000e+00
608 575 -1.00000000000000e+00
608 607 -1.00000000000000e+00
608 609 -1.00000000000000e+00
608 641 -1.00000000000000e+00
609 609 4.00000000000000e+00
609 576 -1.00000000000000e+00
609 608 -1.00000000000000e+00
609 610 -1.00000000000000e+00
609 642 -1.00000000000000e+00
610 610 4.00000000000000e+00
610 577 -1.00000000000000e+00
610 609 -1.00000000000000e+00
610 611 -1.00000000000000e+00
610 643 -1.00000000000000e+00
611 611 4.00000000000000e+00
611 578 -1.00000000000000e+00
611 610 -1.00000000000000e+00
611 612 -1.00000000000000e+00
611 644 -1.00000000000000e+00
612 612 4.00000000000000e+00
612 579 -1.00000000000000e+00
612 611 -1.00000000000000e+00
612 613 -1.00000000000000e+00
612 645 -1.00000000000000e+00
613 613 4.00000000000000e+00
613 580 -1.00000000000000e+00
613 612 -1.00000000000000e+00
613 614 -1.00000000000000e+00
613 646 -1.00000000000000e+00
614 614 4.00000000000000e+00
614 581 -1.00000000000000e+00
614 613 -1.00000000000000e+00
614 615 -1.00000000000000e+00
614 647 -1.00000000000000e+00
615 615 4.00000000000000e+00
615 582 -1.00000000000000e+00
615 614 -1.00000000000000e+00
615 616 -1.00000000000000e+00
615 648 -1.00000000000000e+00
616 616 4.00000000000000e+00
616 583 -1.00000000000000e+00
616 615 -1.00000000000000e+00
616 617 -1.00000000000000e+00
616 649 -1.00000000000000e+00
617 617 4.00000000000000e+00
617 584 -1.00000000000000e+00
617 616 -1.00000000000000e+00
617 618 -1.00000000000000e+00
617 650 -1.00000000000000e+00
618 618 4.00000000000000e+00
618 585 -1.00000000000000e+00
618 617 -1.00000000000000e+00
618 619 -1.00000000000000e+00
618 651 -1.00000000000000e+00
619 619 4.00000000000000e+00
619 586 -1.00000000000000e+00
619 618 -1.00000000000000e+00
619 620 -1.00000000000000e+00
619 652 -1.00000000000000e+00
620 620 4.00000000000000e+00
620 587 -1.00000000000000e+00
620 619 -1.00000000000000e+00
620 621 -1.00000000000000e+00
620 653 -1.00000000000000e+00
621 621 4.00000000000000e+00
621 588 -1.00000000000000e+00
621 620 -1.00000000000000e+00
621 622 -1.00000000000000e+00
621 654 -1.00000000000000e+00
622 622 4.00000000000000e+00
622 589 -1.00000000000000e+00
622 621 -1.00000000000000e+00
622 623 -1.00000000000000e+00
622 655 -1.00000000000000e+00
623 623 4.00000000000000e+00
623 590 -1.00000000000000e+00
623 622 -1.00000000000000e+00
623 624 -1.00000000000000e+00
623 656 -1.00000000000000e+00
624 624 4.00000000000000e+00
624 591 -1.00000000000000e+00
624 623 -1.00000000000000e+00
624 625 -1.00000000000000e+00
624 657 -1.00000000000000e+00
625 625 4.00000000000000e+00
625 592 -1.00000000000000e+00
625 624 -1.00000000000000e+00
625 626 -1.00000000000000e+00
625 658 -1.00000000000000e+00
626 626 4.00000000000000e+00
626 593 -1.00000000000000e+00
626 625 -1.00000000000000e+00
626 659 -1.00000000000000e+00
627 627 4.00000000000000e+00
627 594 -1.00000000000000e+00
627 628 -1.00000000000000e+00
627 660 -1.00000000000000e+00
628 628 4.00000000000000e+00
628 595 -1.00000000000000e+00
628 627 -1.00000000000000e+00
628 629 -1.00000000000000e+00
628 661 -1.00000000000000e+00
629 629 4.00000000000000e+00
629 596 -1.00000000000000e+00
629 628 -1.00000000000000e+00
629 630 -1.00000000000000e+00
629 662 -1.00000000000000e+00
630 630 4.00000000000000e+00
630 597 -1.00000000000000e+00
630 629 -1.00000000000000e+00
630 631 -1.00000000000000e+00
630 663 -1.00000000000000e+00
631 631 4.00000000000000e+00
631 598 -1.00000000000000e+00
631 630 -1.00000000000000e+00
631 632 -1.00000000000000e+00
631 664 -1.00000000000000e+00
632 632 4.00000000000000e+00
632 599 -1.00000000000000e+00
632 631 -1.00000000000000e+00
632 633 -1.00000000000000e+00
632 665 -1.00000000000000e+00
633 633 4.00000000000000e+00
633 600 -1.00000000000000e+00
633 632 -1.00000000000000e+00
633 634 -1.00000000000000e+00
633 666 -1.00000000000000e+00
634 634 4.00000000000000e+00
634 601 -1.00000000000000e+00
634 633 -1.00000000000000e+00
634 635 -1.00000000000000e+00
634 667 -1.00000000000000e+00
635 635 4.00000000000000e+00
635 602 -1.00000000000000e+00
635 634 -1.00000000000000e+00
635 636 -1.00000000000000e+00
635 668 -1.00000000000000e+00
636 636 4.00000000000000e+00
636 603 -1.00000000000000e+00
636 635 -1.00000000000000e+00
636 637 -1.00000000000000e+00
636 669 -1.00000000000000e+00
637 637 4.00000000000000e+00
637 604 -1.00000000000000e+00
637 636 -1.00000000000000e+00
637 638 -1.00000000000000e+00
637 670 -1.00000000000000e+00
638 638 4.00000000000000e+00
638 605 -1.00000000000000e+00
638 637 -1.00000000000000e+00
638 639 -1.00000000000000e+00
638 671 -1.00000000000000e+00
639 639 4.00000000000000e+00
639 606 -1.00000000000000e+00
639 638 -1.00000000000000e+00
639 640 -1.00000000000000e+00
639 672 -1.00000000000000e+00
640 640 4.00000000000000e+00
640 607 -1.00000000000000e+00
640 639 -1.00000000000000e+00
640 641 -1.00000000000000e+00
640 673 -1.00000000000000e+00
641 641 4.00000000000000e+00
641 608 -1.00000000000000e+00
641 640 -1.00000000000000e+00
641 642 -1.00000000000000e+00
641 674 -1.00000000000000e+00
642 642 4.00000000000000e+00
642 609 -1.00000000000000e+00
642 641 -1.00000000000000e+00
642 643 -1.00000000000000e+00
642 675 -1.00000000000000e+00
643 643 4.00000000000000e+00
643 610 -1.00000000000000e+00
643 642 -1.00000000000000e+00
643 644 -1.00000000000000e+00
643 676 -1.00000000000000e+00
644 644 4.00000000000000e+00
644 611 -1.00000000000000e+00
644 643 -1.00000000000000e+00
644 645 -1.00000000000000e+00
644 677 -1.00000000000000e+00
645 645 4.00000000000000e+00
645 612 -1.00000000000000e+00
645 644 -1.00000000000000e+00
645 646 -1.00000000000000e+00
645 678 -1.00000000000000e+00
646 646 4.00000000000000e+00
646 613 -1.00000000000000e+00
646 645 -1.00000000000000e+00
646 647 -1.00000000000000e+00
646 679 -1.00000000000000e+00
647 647 4.00000000000000e+00
647 614 -1.00000000000000e+00
647 646 -1.00000000000000e+00
647 648 -1.00000000000000e+00
647 680 -1.00000000000000e+00
648 648 4.00000000000000e+00
648 615 -1.00000000000000e+00
648 647 -1.00000000000000e+00
648 649 -1.00000000000000e+00
648 681 -1.00000000000000e+00
649 649 4.00000000000000e+00
649 616 -1.00000000000000e+00
649 648 -1.00000000000000e+00
649 650 -1.00000000000000e+00
649 682 -1.00000000000000e+00
650 650 4.00000000000000e+00
650 617 -1.00000000000000e+00
650 649 -1.00000000000000e+00
650 651 -1.00000000000000e+00
650 683 -1.00000000000000e+00
651 651 4.00000000000000e+00
651 618 -1.00000000000000e+00
651 650 -1.00000000000000e+00
651 652 -1.00000000000000e+00
651 684 -1.00000000000000e+00
652 652 4.00000000000000e+00
652 619 -1.00000000000000e+00
652 651 -1.00000000000000e+00
652 653 -1.00000000000000e+00
652 685 -1.00000000000000e+00
653 653 4.00000000000000e+00
653 620 -1.00000000000000e+00
653 652 -1.00000000000000e+00
653 654 -1.00000000000000e+00
653 686 -1.00000000000000e+00
654 654 4.00000000000000e+00
654 621 -1.00000000000000e+00
654 653 -1.00000000000000e+00
654 655 -1.00000000000000e+00
654 687 -1.00000000000000e+00
655 655 4.00000000000000e+00
655 622 -1.00000000000000e+00
655 654 -1.00000000000000e+00
655 656 -1.00000000000000e+00
655 688 -1.00000000000000e+00
656 656 4.00000000000000e+00
656 623 -1.00000000000000e+00
656 655 -1.00000000000000e+00
656 657 -1.00000000000000e+00
656 689 -1.00000000000000e+00
657 657 4.00000000000000e+00
657 624 -1.00000000000000e+00
657 656 -1.00000000000000e+00
657 658 -1.00000000000000e+00
657 690 -1.00000000000000e+00
658 658 4.00000000000000e+00
658 625 -1.00000000000000e+00
658 657 -1.00000000000000e+00
658 659 -1.00000000000000e+00
658 691 -1.00000000000000e+00
659 659 4.00000000000000e+00
659 626 -1.00000000000000e+00
659 658 -1.00000000000000e+00
659 692 -1.00000000000000e+00
660 660 4.00000000000000e+00
660 627 -1.00000000000000e+00
660 661 -1.00000000000000e+00
660 693 -1.00000000000000e+00
661 661 4.00000000000000e+00
661 628 -1.00000000000000e+00
661 660 -1.00000000000000e+00
661 662 -1.00000000000000e+00
661 694 -1.00000000000000e+00
662 662 4.00000000000000e+00
662 629 -1.00000000000000e+00
662 661 -1.00000000000000e+00
662 663 -1.00000000000000e+00
662 695 -1.00000000000000e+00
663 663 4.00000000000000e+00
663 630 -1.00000000000000e+00
663 662 -1.00000000000000e+00
663 664 -1.00000000000000e+00
663 696 -1.00000000000000e+00
664 664 4.00000000000000e+00
664 631 -1.00000000000000e+00
664 663 -1.00000000000000e+00
664 665 -1.00000000000000e+00
664 697 -1.00000000000000e+00
665 665 4.00000000000000e+00
665 632 -1.00000000000000e+00
665 664 -1.00000000000000e+00
665 666 -1.00000000000000e+00
665 698 -1.00000000000000e+00
666 666 4.00000000000000e+00
666 633 -1.00000000000000e+00
666 665 -1.00000000000000e+00
666 667 -1.00000000000000e+00
666 699 -1.00000000000000e+00
667 667 4.00000000000000e+00
667 634 -1.00000000000000e+00
667 666 -1.00000000000000e+00
667 668 -1.00000000000000e+00
667 700 -1.00000000000000e+00
668 668 4.00000000000000e+00
668 635 -1.00000000000000e+00
668 667 -1.00000000000000e+00
668 669 -1.00000000000000e+00
668 701 -1.00000000000000e+00
669 669 4.00000000000000e+00
669 636 -1.00000000000000e+00
669 668 -1.00000000000000e+00
669 670 -1.00000000000000e+00
669 702 -1.00000000000000e+00
670 670 4.00000000000000e+00
670 637 -1.00000000000000e+00
670 669 -1.00000000000000e+00
670 671 -1.00000000000000e+00
670 703 -1.00000000000000e+00
671 671 4.00000000000000e+00
671 638 -1.00000000000000e+00
671 670 -1.00000000000000e+00
671 672 -1.00000000000000e+00
671 704 -1.00000000000000e+00
672 672 4.00000000000000e+00
672 639 -1.00000000000000e+00
672 671 -1.00000000000000e+00
672 673 -1.00000000000000e+00
672 705 -1.00000000000000e+00
673 673 4.00000000000000e+00
673 640 -1.00000000000000e+00
673 672 -1.00000000000000e+00
673 674 -1.00000000000000e+00
673 706 -1.00000000000000e+00
674 674 4.00000000000000e+00
674 641 -1.00000000000000e+00
674 673 -1.00000000000000e+00
674 675 -1.00000000000000e+00
674 707 -1.00000000000000e+00
675 675 4.00000000000000e+00
675 642 -1.00000000000000e+00
675 674 -1.00000000000000e+00
675 676 -1.00000000000000e+00
675 708 -1.00000000000000e+00
676 676 4.00000000000000e+00
676 643 -1.00000000000000e+00
676 675 -1.00000000000000e+00
676 677 -1.00000000000000e+00
676 709 -1.00000000000000e+00
677 677 4.00000000000000e+00
677 644 -1.00000000000000e+00
677 676 -1.00000000000000e+00
677 678 -1.00000000000000e+00
677 710 -1.00000000000000e+00
678 678 4.00000000000000e+00
678 645 -1.00000000000000e+00
678 677 -1.00000000000000e+00
678 679 -1.00000000000000e+00
678 711 -1.00000000000000e+00
679 679 4.00000000000000e+00
679 646 -1.00000000000000e+00
679 678 -1.00000000000000e+00
679 680 -1.00000000000000e+00
679 712 -1.00000000000000e+00
680 680 4.00000000000000e+00
680 647 -1.00000000000000e+00
680 679 -1.00000000000000e+00
680 681 -1.00000000000000e+00
680 713 -1.00000000000000e+00
681 681 4.00000000000000e+00
681 648 -1.00000000000000e+00
681 680 -1.00000000000000e+00
681 682 -1.00000000000000e+00
681 714 -1.00000000000000e+00
682 682 4.00000000000000e+00
682 649 -1.00000000000000e+00
682 681 -1.00000000000000e+00
682 683 -1.00000000000000e+00
682 715 -1.00000000000000e+00
683 683 4.00000000000000e+00
683 650 -1.00000000000000e+00
683 682 -1.00000000000000e+00
683 684 -1.00000000000000e+00
683 716 -1.00000000000000e+00
684 684 4.00000000000000e+00
684 651 -1.00000000000000e+00
684 683 -1.00000000000000e+00
684 685 -1.00000000000000e+00
684 717 -1.00000000000000e+00
685 685 4.00000000000000e+00
685 652 -1.00000000000000e+00
685 684 -1.00000000000000e+00
685 686 -1.00000000000000e+00
685 718 -1.00000000000000e+00
686 686 4.00000000000000e+00
686 653 -1.00000000000000e+00
686 685 -1.00000000000000e+00
686 687 -1.00000000000000e+00
686 719 -1.00000000000000e+00
687 687 4.00000000000000e+00
687 654 -1.00000000000000e+00
687 686 -1.00000000000000e+00
687 688 -1.00000000000000e+00
687 720 -1.00000000000000e+00
688 688 4.00000000000000e+00
688 655 -1.00000000000000e+00
688 687 -1.00000000000000e+00
688 689 -1.00000000000000e+00
688 721 -1.00000000000000e+00
689 689 4.00000000000000e+00
689 656 -1.00000000000000e+00
689 688 -1.00000000000000e+00
689 690 -1.00000000000000e+00
689 722 -1.00000000000000e+00
690 690 4.00000000000000e+00
690 657 -1.00000000000000e+00
690 689 -1.00000000000000e+00
690 691 -1.00000000000000e+00
690 723 -1.00000000000000e+00
691 691 4.00000000000000e+00
691 658 -1.00000000000000e+00
691 690 -1.00000000000000e+00
691 692 -1.00000000000000e+00
691 724 -1.00000000000000e+00
692 692 4.00000000000000e+00
692 659 -1.00000000000000e+00
692 691 -1.00000000000000e+00
692 725 -1.00000000000000e+00
693 693 4.00000000000000e+00
693 660 -1.00000000000000e+00
693 694 -1.00000000000000e+00
693 726 -1.00000000000000e+00
694 694 4.00000000000000e+00
694 661 -1.00000000000000e+00
694 693 -1.00000000000000e+00
694 695 -1.00000000000000e+00
694 727 -1.00000000000000e+00
695 695 4.00000000000000e+00
695 662 -1.00000000000000e+00
695 694 -1.00000000000000e+00
695 696 -1.00000000000000e+00
695 728 -1.00000000000000e+00
696 696 4.00000000000000e+00
696 663 -1.00000000000000e+00
696 695 -1.00000000000000e+00
696 697 -1.00000000000000e+00
696 729 -1.00000000000000e+00
697 697 4.00000000000000e+00
697 664 -1.00000000000000e+00
697 696 -1.00000000000000e+00
697 698 -1.00000000000000e+00
697 730 -1.00000000000000e+00
698 698 4.00000000000000e+00
698 665 -1.00000000000000e+00
698 697 -1.00000000000000e+00
698 699 -1.00000000000000e+00
698 731 -1.00000000000000e+00
699 699 4.00000000000000e+00
699 666 -1.00000000000000e+00
699 698 -1.00000000000000e+00
699 700 -1.00000000000000e+00
699 732 -1.00000000000000e+00
700 700 4.00000000000000e+00
700 667 -1.00000000000000e+00
700 699 -1.00000000000000e+00
700 701 -1.00000000000000e+00
700 733 -1.00000000000000e+00
701 701 4.00000000000000e+00
701 668 -1.00000000000000e+00
701 700 -1.00000000000000e+00
701 702 -1.00000000000000e+00
701 734 -1.00000000000000e+00
702 702 4.00000000000000e+00
702 669 -1.00000000000000e+00
702 701 -1.00000000000000e+00
702 703 -1.00000000000000e+00
702 735 -1.00000000000000e+00
703 703 4.00000000000000e+00
703 670 -1.00000000000000e+00
703 702 -1.00000000000000e+00
703 704 -1.00000000000000e+00
703 736 -1.00000000000000e+00
704 704 4.00000000000000e+00
704 671 -1.00000000000000e+00
704 703 -1.00000000000000e+00
704 705 -1.00000000000000e+00
704 737 -1.00000000000000e+00
705 705 4.00000000000000e+00
705 672 -1.00000000000000e+00
705 704 -1.00000000000000e+00
705 706 -1.00000000000000e+00
705 738 -1.00000000000000e+00
706 706 4.00000000000000e+00
706 673 -1.00000000000000e+00
706 705 -1.00000000000000e+00
706 707 -1.00000000000000e+00
706 739 -1.00000000000000e+00
707 707 4.00000000000000e+00
707 674 -1.00000000000000e+00
707 706 -1.00000000000000e+00
707 708 -1.00000000000000e+00
707 740 -1.00000000000000e+00
708 708 4.00000000000000e+00
708 675 -1.00000000000000e+00
708 707 -1.00000000000000e+00
708 709 -1.00000000000000e+00
708 741 -1.00000000000000e+00
709 709 4.00000000000000e+00
709 676 -1.00000000000000e+00
709 708 -1.00000000000000e+00
709 710 -1.00000000000000e+00
709 742 -1.00000000000000e+00
710 710 4.00000000000000e+00
710 677 -1.00000000000000e+00
710 709 -1.00000000000000e+00
710 711 -1.00000000000000e+00
710 743 -1.00000000000000e+00
711 711 4.00000000000000e+00
711 678 -1.00000000000000e+00
711 710 -1.00000000000000e+00
711 712 -1.00000000000000e+00
711 744 -1.00000000000000e+00
712 712 4.00000000000000e+00
712 679 -1.00000000000000e+00
712 711 -1.00000000000000e+00
712 713 -1.00000000000000e+00
712 745 -1.00000000000000e+00
713 713 4.00000000000000e+00
713 680 -1.00000000000000e+00
713 712 -1.00000000000000e+00
713 714 -1.00000000000000e+00
713 746 -1.00000000000000e+00
714 714 4.00000000000000e+00
714 681 -1.00000000000000e+00
714 713 -1.00000000000000e+00
714 715 -1.00000000000000e+00
714 747 -1.00000000000000e+00
715 715 4.00000000000000e+00
715 682 -1.00000000000000e+00
715 714 -1.00000000000000e+00
715 716 -1.00000000000000e+00
715 748 -1.00000000000000e+00
716 716 4.00000000000000e+00
716 683 -1.00000000000000e+00
716 715 -1.00000000000000e+00
716 717 -1.00000000000000e+00
716 749 -1.00000000000000e+00
717 717 4.00000000000000e+00
717 684 -1.00000000000000e+00
717 716 -1.00000000000000e+00
717 718 -1.00000000000000e+00
717 750 -1.00000000000000e+00
718 718 4.00000000000000e+00
718 685 -1.00000000000000e+00
718 717 -1.00000000000000e+00
718 719 -1.00000000000000e+00
718 751 -1.00000000000000e+00
719 719 4.00000000000000e+00
719 686 -1.00000000000000e+00
719 718 -1.00000000000000e+00
719 720 -1.00000000000000e+00
719 752 -1.00000000000000e+00
720 720 4.00000000000000e+00
720 687 -1.00000000000000e+00
720 719 -1.00000000000000e+00
720 721 -1.00000000000000e+00
720 753 -1.00000000000000e+00
721 721 4.00000000000000e+00
721 688 -1.00000000000000e+00
721 720 -1.00000000000000e+00
721 722 -1.00000000000000e+00
721 754 -1.00000000000000e+00
722 722 4.00000000000000e+00
722 689 -1.00000000000000e+00
722 721 -1.00000000000000e+00
722 723 -1.00000000000000e+00
722 755 -1.00000000000000e+00
723 723 4.00000000000000e+00
723 690 -1.00000000000000e+00
723 722 -1.00000000000000e+00
723 724 -1.00000000000000e+00
723 756 -1.00000000000000e+00
724 724 4.00000000000000e+00
724 691 -1.00000000000000e+00
724 723 -1.00000000000000e+00
724 725 -1.00000000000000e+00
724 757 -1.00000000000000e+00
725 725 4.00000000000000e+00
725 692 -1.00000000000000e+00
725 724 -1.00000000000000e+00
725 758 -1.00000000000000e+00
726 726 4.00000000000000e+00
726 693 -1.00000000000000e+00
726 727 -1.00000000000000e+00
726 759 -1.00000000000000e+00
727 727 4.00000000000000e+00
727 694 -1.00000000000000e+00
727 726 -1.00000000000000e+00
727 728 -1.00000000000000e+00
727 760 -1.00000000000000e+00
728 728 4.00000000000000e+00
728 695 -1.00000000000000e+00
728 727 -1.00000000000000e+00
728 729 -1.00000000000000e+00
728 761 -1.00000000000000e+00
729 729 4.00000000000000e+00
729 696 -1.00000000000000e+00
729 728 -1.00000000000000e+00
729 730 -1.00000000000000e+00
729 762 -1.00000000000000e+00
730 730 4.00000000000000e+00
730 697 -1.00000000000000e+00
730 729 -1.00000000000000e+00
730 731 -1.00000000000000e+00
730 763 -1.00000000000000e+00
731 731 4.00000000000000e+00
731 698 -1.00000000000000e+00
731 730 -1.00000000000000e+00
731 732 -1.00000000000000e+00
731 764 -1.00000000000000e+00
732 732 4.00000000000000e+00
732 699 -1.00000000000000e+00
732 731 -1.00000000000000e+00
732 733 -1.00000000000000e+00
732 765 -1.00000000000000e+00
733 733 4.00000000000000e+00
733 700 -1.00000000000000e+00
733 732 -1.00000000000000e+00
733 734 -1.00000000000000e+00
733 766 -1.00000000000000e+00
734 734 4.00000000000000e+00
734 701 -1.00000000000000e+00
734 733 -1.00000000000000e+00
734 735 -1.00000000000000e+00
734 767 -1.00000000000000e+00
735 735 4.00000000000000e+00
735 702 -1.00000000000000e+00
735 734 -1.00000000000000e+00
735 736 -1.00000000000000e+00
735 768 -1.00000000000000e+00
736 736 4.00000000000000e+00
736 703 -1.00000000000000e+00
736 735 -1.00000000000000e+00
736 737 -1.00000000000000e+00
736 769 -1.00000000000000e+00
737 737 4.00000000000000e+00
737 704 -1.00000000000000e+00
737 736 -1.00000000000000e+00
737 738 -1.00000000000000e+00
737 770 -1.00000000000000e+00
738 738 4.00000000000000e+00
738 705 -1.00000000000000e+00
738 737 -1.00000000000000e+00
738 739 -1.00000000000000e+00
738 771 -1.00000000000000e+00
739 739 4.00000000000000e+00
739 706 -1.00000000000000e+00
739 738 -1.00000000000000e+00
739 740 -1.00000000000000e+00
739 772 -1.00000000000000e+00
740 740 4.00000000000000e+00
740 707 -1.00000000000000e+00
740 739 -1.00000000000000e+00
740 741 -1.00000000000000e+00
740 773 -1.00000000000000e+00
741 741 4.00000000000000e+00
741 708 -1.00000000000000e+00
741 740 -1.00000000000000e+00
741 742 -1.00000000000000e+00
741 774 -1.00000000000000e+00
742 742 4.00000000000000e+00
742 709 -1.00000000000000e+00
742 741 -1.00000000000000e+00
742 743 -1.00000000000000e+00
742 775 -1.00000000000000e+00
743 743 4.00000000000000e+00
743 710 -1.00000000000000e+00
743 742 -1.00000000000000e+00
743 744 -1.00000000000000e+00
743 776 -1.00000000000000e+00
744 744 4.00000000000000e+00
744 711 -1.00000000000000e+00
744 743 -1.00000000000000e+00
744 745 -1.00000000000000e+00
744 777 -1.00000000000000e+00
745 745 4.00000000000000e+00
745 712 -1.00000000000000e+00
745 744 -1.00000000000000e+00
745 746 -1.00000000000000e+00
745 778 -1.00000000000000e+00
746 746 4.00000000000000e+00
746 713 -1.00000000000000e+00
746 745 -1.00000000000000e+00
746 747 -1.00000000000000e+00
746 779 -1.00000000000000e+00
747 747 4.00000000000000e+00
747 714 -1.00000000000000e+00
747 746 -1.00000000000000e+00
747 748 -1.00000000000000e+00
747 780 -1.00000000000000e+00
748 748 4.00000000000000e+00
748 715 -1.00000000000000e+00
748 747 -1.00000000000000e+00
748 749 -1.00000000000000e+00
748 781 -1.00000000000000e+00
749 749 4.00000000000000e+00
749 716 -1.00000000000000e+00
749 748 -1.00000000000000e+00
749 750 -1.00000000000000e+00
749 782 -1.00000000000000e+00
750 750 4.00000000000000e+00
750 717 -1.00000000000000e+00
750 749 -1.00000000000000e+00
750 751 -1.00000000000000e+00
750 783 -1.00000000000000e+00
751 751 4.00000000000000e+00
751 718 -1.00000000000000e+00
751 750 -1.00000000000000e+00
751 752 -1.00000000000000e+00
751 784 -1.00000000000000e+00
752 752 4.00000000000000e+00
752 719 -1.00000000000000e+00
752 751 -1.00000000000000e+00
752 753 -1.00000000000000e+00
752 785 -1.00000000000000e+00
753 753 4.00000000000000e+00
753 720 -1.00000000000000e+00
753 752 -1.00000000000000e+00
753 754 -1.00000000000000e+00
753 786 -1.00000000000000e+00
754 754 4.00000000000000e+00
754 721 -1.00000000000000e+00
754 753 -1.00000000000000e+00
754 755 -1.00000000000000e+00
754 787 -1.00000000000000e+00
755 755 4.00000000000000e+00
755 722 -1.00000000000000e+00
755 754 -1.00000000000000e+00
755 756 -1.00000000000000e+00
755 788 -1.00000000000000e+00
756 756 4.00000000000000e+00
756 723 -1.00000000000000e+00
756 755 -1.00000000000000e+00
756 757 -1.00000000000000e+00
756 789 -1.00000000000000e+00
757 757 4.00000000000000e+00
757 724 -1.00000000000000e+00
757 756 -1.00000000000000e+00
757 758 -1.00000000000000e+00
757 790 -1.00000000000000e+00
758 758 4.00000000000000e+00
758 725 -1.00000000000000e+00
758 757 -1.00000000000000e+00
758 791 -1.00000000000000e+00
759 759 4.00000000000000e+00
759 726 -1.00000000000000e+00
759 760 -1.00000000000000e+00
759 792 -1.00000000000000e+00
760 760 4.00000000000000e+00
760 727 -1.00000000000000e+00
760 759 -1.00000000000000e+00
760 761 -1.00000000000000e+00
760 793 -1.00000000000000e+00
761 761 4.00000000000000e+00
761 728 -1.00000000000000e+00
761 760 -1.00000000000000e+00
761 762 -1.00000000000000e+00
761 794 -1.00000000000000e+00
762 762 4.00000000000000e+00
762 729 -1.00000000000000e+00
762 761 -1.00000000000000e+00
762 763 -1.00000000000000e+00
762 795 -1.00000000000000e+00
763 763 4.00000000000000e+00
763 730 -1.00000000000000e+00
763 762 -1.00000000000000e+00
763 764 -1.00000000000000e+00
763 796 -1.00000000000000e+00
764 764 4.00000000000000e+00
764 731 -1.00000000000000e+00
764 763 -1.00000000000000e+00
764 765 -1.00000000000000e+00
764 797 -1.00000000000000e+00
765 765 4.00000000000000e+00
765 732 -1.00000000000000e+00
765 764 -1.00000000000000e+00
765 766 -1.00000000000000e+00
765 798 -1.00000000000000e+00
766 766 4.00000000000000e+00
766 733 -1.00000000000000e+00
766 765 -1.00000000000000e+00
766 767 -1.00000000000000e+00
766 799 -1.00000000000000e+00
767 767 4.00000000000000e+00
767 734 -1.00000000000000e+00
767 766 -1.00000000000000e+00
767 768 -1.00000000000000e+00
767 800 -1.00000000000000e+00
768 768 4.00000000000000e+00
768 735 -1.00000000000000e+00
768 767 -1.00000000000000e+00
768 769 -1.00000000000000e+00
768 801 -1.00000000000000e+00
769 769 4.00000000000000e+00
769 736 -1.00000000000000e+00
769 768 -1.00000000000000e+00
769 770 -1.00000000000000e+00
769 802 -1.00000000000000e+00
770 770 4.00000000000000e+00
770 737 -1.00000000000000e+00
770 769 -1.00000000000000e+00
770 771 -1.00000000000000e+00
770 803 -1.00000000000000e+00
771 771 4.00000000000000e+00
771 738 -1.00000000000000e+00
771 770 -1.00000000000000e+00
771 772 -1.00000000000000e+00
771 804 -1.00000000000000e+00
772 772 4.00000000000000e+00
772 739 -1.00000000000000e+00
772 771 -1.00000000000000e+00
772 773 -1.00000000000000e+00
772 805 -1.00000000000000e+00
773 773 4.00000000000000e+00
773 740 -1.00000000000000e+00
773 772 -1.00000000000000e+00
773 774 -1.00000000000000e+00
773 806 -1.00000000000000e+00
774 774 4.00000000000000e+00
774 741 -1.00000000000000e+00
774 773 -1.00000000000000e+00
774 775 -1.00000000000000e+00
774 807 -1.00000000000000e+00
775 775 4.00000000000000e+00
775 742 -1.00000000000000e+00
775 774 -1.00000000000000e+00
775 776 -1.00000000000000e+00
775 808 -1.00000000000000e+00
776 776 4.00000000000000e+00
776 743 -1.00000000000000e+00
776 775 -1.00000000000000e+00
776 777 -1.00000000000000e+00
776 809 -1.00000000000000e+00
777 777 4.00000000000000e+00
777 744 -1.00000000000000e+00
777 776 -1.00000000000000e+00
777 778 -1.00000000000000e+00
777 810 -1.00000000000000e+00
778 778 4.00000000000000e+00
778 745 -1.00000000000000e+00
778 777 -1.00000000000000e+00
778 779 -1.00000000000000e+00
778 811 -1.00000000000000e+00
779 779 4.00000000000000e+00
779 746 -1.00000000000000e+00
779 778 -1.00000000000000e+00
779 780 -1.00000000000000e+00
779 812 -1.00000000000000e+00
780 780 4.00000000000000e+00
780 747 -1.00000000000000e+00
780 779 -1.00000000000000e+00
780 781 -1.00000000000000e+00
780 813 -1.00000000000000e+00
781 781 4.00000000000000e+00
781 748 -1.00000000000000e+00
781 780 -1.00000000000000e+00
781 782 -1.00000000000000e+00
781 814 -1.00000000000000e+00
782 782 4.00000000000000e+00
782 749 -1.00000000000000e+00
782 781 -1.00000000000000e+00
782 783 -1.00000000000000e+00
782 815 -1.00000000000000e+00
783 783 4.00000000000000e+00
783 750 -1.00000000000000e+00
783 782 -1.00000000000000e+00
783 784 -1.00000000000000e+00
783 816 -1.00000000000000e+00
784 784 4.00000000000000e+00
784 751 -1.00000000000000e+00
784 783 -1.00000000000000e+00
784 785 -1.00000000000000e+00
784 817 -1.00000000000000e+00
785 785 4.00000000000000e+00
785 752 -1.00000000000000e+00
785 784 -1.00000000000000e+00
785 786 -1.00000000000000e+00
785 818 -1.00000000000000e+00
786 786 4.00000000000000e+00
786 753 -1.00000000000000e+00
786 785 -1.00000000000000e+00
786 787 -1.00000000000000e+00
786 819 -1.00000000000000e+00
787 787 4.00000000000000e+00
787 754 -1.00000000000000e+00
787 786 -1.00000000000000e+00
787 788 -1.00000000000000e+00
787 820 -1.00000000000000e+00
788 788 4.00000000000000e+00
788 755 -1.00000000000000e+00
788 787 -1.00000000000000e+00
788 789 -1.00000000000000e+00
788 821 -1.00000000000000e+00
789 789 4.00000000000000e+00
789 756 -1.00000000000000e+00
789 788 -1.00000000000000e+00
789 790 -1.00000000000000e+00
789 822 -1.00000000000000e+00
790 790 4.00000000000000e+00
790 757 -1.00000000000000e+00
790 789 -1.00000000000000e+00
790 791 -1.00000000000000e+00
790 823 -1.00000000000000e+00
791 791 4.00000000000000e+00
791 758 -1.00000000000000e+00
791 790 -1.00000000000000e+00
791 824 -1.00000000000000e+00
792 792 4.00000000000000e+00
792 759 -1.00000000000000e+00
792 793 -1.00000000000000e+00
792 825 -1.00000000000000e+00
793 793 4.00000000000000e+00
793 760 -1.00000000000000e+00
793 792 -1.00000000000000e+00
793 794 -1.00000000000000e+00
793 826 -1.00000000000000e+00
794 794 4.00000000000000e+00
794 761 -1.00000000000000e+00
794 793 -1.00000000000000e+00
794 795 -1.00000000000000e+00
794 827 -1.00000000000000e+00
795 795 4.00000000000000e+00
795 762 -1.00000000000000e+00
795 794 -1.00000000000000e+00
795 796 -1.00000000000000e+00
795 828 -1.00000000000000e+00
796 796 4.00000000000000e+00
796 763 -1.00000000000000e+00
796 795 -1.00000000000000e+00
796 797 -1.00000000000000e+00
796 829 -1.00000000000000e+00
797 797 4.00000000000000e+00
797 764 -1.00000000000000e+00
797 796 -1.00000000000000e+00
797 798 -1.00000000000000e+00
797 830 -1.00000000000000e+00
798 798 4.00000000000000e+00
798 765 -1.00000000000000e+00
798 797 -1.00000000000000e+00
798 799 -1.00000000000000e+00
798 831 -1.00000000000000e+00
799 799 4.00000000000000e+00
799 766 -1.00000000000000e+00
799 798 -1.00000000000000e+00
799 800 -1.00000000000000e+00
799 832 -1.00000000000000e+00
800 800 4.00000000000000e+00
800 767 -1.00000000000000e+00
800 799 -1.00000000000000e+00
800 801 -1.00000000000000e+00
800 833 -1.00000000000000e+00
801 801 4.00000000000000e+00
801 768 -1.00000000000000e+00
801 800 -1.00000000000000e+00
801 802 -1.00000000000000e+00
801 834 -1.00000000000000e+00
802 802 4.00000000000000e+00
802 769 -1.00000000000000e+00
802 801 -1.00000000000000e+00
802 803 -1.00000000000000e+00
802 835 -1.00000000000000e+00
803 803 4.00000000000000e+00
803 770 -1.00000000000000e+00
803 802 -1.00000000000000e+00
803 804 -1.00000000000000e+00
803 836 -1.00000000000000e+00
804 804 4.00000000000000e+00
804 771 -1.00000000000000e+00
804 803 -1.00000000000000e+00
804 805 -1.00000000000000e+00
804 837 -1.00000000000000e+00
805 805 4.00000000000000e+00
805 772 -1.00000000000000e+00
805 804 -1.00000000000000e+00
805 806 -1.00000000000000e+00
805 838 -1.00000000000000e+00
806 806 4.00000000000000e+00
806 773 -1.00000000000000e+00
806 805 -1.00000000000000e+00
806 807 -1.00000000000000e+00
806 839 -1.00000000000000e+00
807 807 4.00000000000000e+00
807 774 -1.00000000000000e+00
807 806 -1.00000000000000e+00
807 808 -1.00000000000000e+00
807 840 -1.00000000000000e+00
808 808 4.00000000000000e+00
808 775 -1.00000000000000e+00
808 807 -1.00000000000000e+00
808 809 -1.00000000000000e+00
808 841 -1.00000000000000e+00
809 809 4.00000000000000e+00
809 776 -1.00000000000000e+00
809 808 -1.00000000000000e+00
809 810 -1.00000000000000e+00
809 842 -1.00000000000000e+00
810 810 4.00000000000000e+00
810 777 -1.00000000000000e+00
810 809 -1.00000000000000e+00
810 811 -1.00000000000000e+00
810 843 -1.00000000000000e+00
811 811 4.00000000000000e+00
811 778 -1.00000000000000e+00
811 810 -1.00000000000000e+00
811 812 -1.00000000000000e+00
811 844 -1.00000000000000e+00
812 812 4.00000000000000e+00
812 779 -1.00000000000000e+00
812 811 -1.00000000000000e+00
812 813 -1.00000000000000e+00
812 845 -1.00000000000000e+00
813 813 4.00000000000000e+00
813 780 -1.00000000000000e+00
813 812 -1.00000000000000e+00
813 814 -1.00000000000000e+00
813 846 -1.00000000000000e+00
814 814 4.00000000000000e+00
814 781 -1.00000000000000e+00
814 813 -1.00000000000000e+00
814 815 -1.00000000000000e+00
814 847 -1.00000000000000e+00
815 815 4.00000000000000e+00
815 782 -1.00000000000000e+00
815 814 -1.00000000000000e+00
815 816 -1.00000000000000e+00
815 848 -1.00000000000000e+00
816 816 4.00000000000000e+00
816 783 -1.00000000000000e+00
816 815 -1.00000000000000e+00
816 817 -1.00000000000000e+00
816 849 -1.00000000000000e+00
