273 544
273 8.65051903114187e-04
274 8.65051903114187e-04
275 8.65051903114187e-04
276 8.65051903114187e-04
277 8.65051903114187e-04
278 8.65051903114187e-04
279 8.65051903114187e-04
280 8.65051903114187e-04
281 8.65051903114187e-04
282 8.65051903114187e-04
283 8.65051903114187e-04
284 8.65051903114187e-04
285 8.65051903114187e-04
286 8.65051903114187e-04
287 8.65051903114187e-04
288 8.65051903114187e-04
289 8.65051903114187e-04
290 8.65051903114187e-04
291 8.65051903114187e-04
292 8.65051903114187e-04
293 8.65051903114187e-04
294 8.65051903114187e-04
295 8.65051903114187e-04
296 8.65051903114187e-04
297 8.65051903114187e-04
298 8.65051903114187e-04
299 8.65051903114187e-04
300 8.65051903114187e-04
301 8.65051903114187e-04
302 8.65051903114187e-04
303 8.65051903114187e-04
304 8.65051903114187e-04
305 8.65051903114187e-04
306 8.65051903114187e-04
307 8.65051903114187e-04
308 8.65051903114187e-04
309 8.65051903114187e-04
310 8.65051903114187e-04
311 8.65051903114187e-04
312 8.65051903114187e-04
313 8.65051903114187e-04
314 8.65051903114187e-04
315 8.65051903114187e-04
316 8.65051903114187e-04
317 8.65051903114187e-04
318 8.65051903114187e-04
319 8.65051903114187e-04
320 8.65051903114187e-04
321 8.65051903114187e-04
322 8.65051903114187e-04
323 8.65051903114187e-04
324 8.65051903114187e-04
325 8.65051903114187e-04
326 8.65051903114187e-04
327 8.65051903114187e-04
328 8.65051903114187e-04
329 8.65051903114187e-04
330 8.65051903114187e-04
331 8.65051903114187e-04
332 8.65051903114187e-04
333 8.65051903114187e-04
334 8.65051903114187e-04
335 8.65051903114187e-04
336 8.65051903114187e-04
337 8.65051903114187e-04
338 8.65051903114187e-04
339 8.65051903114187e-04
340 8.65051903114187e-04
341 8.65051903114187e-04
342 8.65051903114187e-04
343 8.65051903114187e-04
344 8.65051903114187e-04
345 8.65051903114187e-04
346 8.65051903114187e-04
347 8.65051903114187e-04
348 8.65051903114187e-04
349 8.65051903114187e-04
350 8.65051903114187e-04
351 8.65051903114187e-04
352 8.65051903114187e-04
353 8.65051903114187e-04
354 8.65051903114187e-04
355 8.65051903114187e-04
356 8.65051903114187e-04
357 8.65051903114187e-04
358 8.65051903114187e-04
359 8.65051903114187e-04
360 8.65051903114187e-04
361 8.65051903114187e-04
362 8.65051903114187e-04
363 8.65051903114187e-04
364 8.65051903114187e-04
365 8.65051903114187e-04
366 8.65051903114187e-04
367 8.65051903114187e-04
368 8.65051903114187e-04
369 8.65051903114187e-04
370 8.65051903114187e-04
371 8.65051903114187e-04
372 8.65051903114187e-04
373 8.65051903114187e-04
374 8.65051903114187e-04
375 8.65051903114187e-04
376 8.65051903114187e-04
377 8.65051903114187e-04
378 8.65051903114187e-04
379 8.65051903114187e-04
380 8.65051903114187e-04
381 8.65051903114187e-04
382 8.65051903114187e-04
383 8.65051903114187e-04
384 8.65051903114187e-04
385 8.65051903114187e-04
386 8.65051903114187e-04
387 8.65051903114187e-04
388 8.65051903114187e-04
389 8.65051903114187e-04
390 8.65051903114187e-04
391 8.65051903114187e-04
392 8.65051903114187e-04
393 8.65051903114187e-04
394 8.65051903114187e-04
395 8.65051903114187e-04
396 8.65051903114187e-04
397 8.65051903114187e-04
398 8.65051903114187e-04
399 8.65051903114187e-04
400 8.65051903114187e-04
401 8.65051903114187e-04
402 8.65051903114187e-04
403 8.65051903114187e-04
404 8.65051903114187e-04
405 8.65051903114187e-04
406 8.65051903114187e-04
407 8.65051903114187e-04
408 8.65051903114187e-04
409 8.65051903114187e-04
410 8.65051903114187e-04
411 8.65051903114187e-04
412 8.65051903114187e-04
413 8.65051903114187e-04
414 8.65051903114187e-04
415 8.65051903114187e-04
416 8.65051903114187e-04
417 8.65051903114187e-04
418 8.65051903114187e-04
419 8.65051903114187e-04
420 8.65051903114187e-04
421 8.65051903114187e-04
422 8.65051903114187e-04
423 8.65051903114187e-04
424 8.65051903114187e-04
425 8.65051903114187e-04
426 8.65051903114187e-04
427 8.65051903114187e-04
428 8.65051903114187e-04
429 8.65051903114187e-04
430 8.65051903114187e-04
431 8.65051903114187e-04
432 8.65051903114187e-04
433 8.65051903114187e-04
434 8.65051903114187e-04
435 8.65051903114187e-04
436 8.65051903114187e-04
437 8.65051903114187e-04
438 8.65051903114187e-04
439 8.65051903114187e-04
440 8.65051903114187e-04
441 8.65051903114187e-04
442 8.65051903114187e-04
443 8.65051903114187e-04
444 8.65051903114187e-04
445 8.65051903114187e-04
446 8.65051903114187e-04
447 8.65051903114187e-04
448 8.65051903114187e-04
449 8.65051903114187e-04
450 8.65051903114187e-04
451 8.65051903114187e-04
452 8.65051903114187e-04
453 8.65051903114187e-04
454 8.65051903114187e-04
455 8.65051903114187e-04
456 8.65051903114187e-04
457 8.65051903114187e-04
458 8.65051903114187e-04
459 8.65051903114187e-04
460 8.65051903114187e-04
461 8.65051903114187e-04
462 8.65051903114187e-04
463 8.65051903114187e-04
464 8.65051903114187e-04
465 8.65051903114187e-04
466 8.65051903114187e-04
467 8.65051903114187e-04
468 8.65051903114187e-04
469 8.65051903114187e-04
470 8.65051903114187e-04
471 8.65051903114187e-04
472 8.65051903114187e-04
473 8.65051903114187e-04
474 8.65051903114187e-04
475 8.65051903114187e-04
476 8.65051903114187e-04
477 8.65051903114187e-04
478 8.65051903114187e-04
479 8.65051903114187e-04
480 8.65051903114187e-04
481 8.65051903114187e-04
482 8.65051903114187e-04
483 8.65051903114187e-04
484 8.65051903114187e-04
485 8.65051903114187e-04
486 8.65051903114187e-04
487 8.65051903114187e-04
488 8.65051903114187e-04
489 8.65051903114187e-04
490 8.65051903114187e-04
491 8.65051903114187e-04
492 8.65051903114187e-04
493 8.65051903114187e-04
494 8.65051903114187e-04
495 8.65051903114187e-04
496 8.65051903114187e-04
497 8.65051903114187e-04
498 8.65051903114187e-04
499 8.65051903114187e-04
500 8.65051903114187e-04
501 8.65051903114187e-04
502 8.65051903114187e-04
503 8.65051903114187e-04
504 8.65051903114187e-04
505 8.65051903114187e-04
506 8.65051903114187e-04
507 8.65051903114187e-04
508 8.65051903114187e-04
509 8.65051903114187e-04
510 8.65051903114187e-04
511 8.65051903114187e-04
512 8.65051903114187e-04
513 8.65051903114187e-04
514 8.65051903114187e-04
515 8.65051903114187e-04
516 8.65051903114187e-04
517 8.65051903114187e-04
518 8.65051903114187e-04
519 8.65051903114187e-04
520 8.65051903114187e-04
521 8.65051903114187e-04
522 8.65051903114187e-04
523 8.65051903114187e-04
524 8.65051903114187e-04
525 8.65051903114187e-04
526 8.65051903114187e-04
527 8.65051903114187e-04
528 8.65051903114187e-04
529 8.65051903114187e-04
530 8.65051903114187e-04
531 8.65051903114187e-04
532 8.65051903114187e-04
533 8.65051903114187e-04
534 8.65051903114187e-04
535 8.65051903114187e-04
536 8.65051903114187e-04
537 8.65051903114187e-04
538 8.65051903114187e-04
539 8.65051903114187e-04
540 8.65051903114187e-04
541 8.65051903114187e-04
542 8.65051903114187e-04
543 8.65051903114187e-04
544 8.65051903114187e-04
